0
0
278
59793
31471
33903
49516
181661
229984
338273
492401
650540
788898
898929
996113
1.07941e+06
1.151e+06
1.24093e+06
1.33502e+06
1.37017e+06
1.38538e+06
1.48996e+06
1.60547e+06
1.75108e+06
1.94842e+06
2.19806e+06
2.46951e+06
2.73068e+06
2.95459e+06
3.12999e+06
3.26448e+06
3.37208e+06
3.46561e+06
3.54905e+06
3.6279e+06
3.68827e+06
3.71509e+06
3.73225e+06
3.71224e+06
3.68661e+06
3.65654e+06
3.61917e+06
3.58686e+06
3.55466e+06
3.52054e+06
3.50854e+06
3.48761e+06
3.42195e+06
3.38692e+06
3.36884e+06
3.35794e+06
3.41337e+06
3.57004e+06
3.72733e+06
3.76773e+06
3.68755e+06
3.58798e+06
3.48625e+06
3.44891e+06
3.49944e+06
3.29725e+06
3.12751e+06
3.03511e+06
2.95252e+06
2.87594e+06
2.79457e+06
2.71939e+06
2.65922e+06
2.58417e+06
2.52076e+06
2.45425e+06
2.39459e+06
2.35108e+06
2.37059e+06
2.28018e+06
2.19809e+06
2.15843e+06
2.16532e+06
2.08253e+06
2.03247e+06
1.99769e+06
1.97199e+06
1.93764e+06
1.90982e+06
1.90878e+06
1.84028e+06
1.81648e+06
1.92274e+06
1.83909e+06
1.72633e+06
1.70363e+06
1.68518e+06
1.663e+06
1.64524e+06
1.62982e+06
1.6108e+06
1.59668e+06
1.58057e+06
1.56227e+06
1.55004e+06
1.53529e+06
1.52422e+06
1.51018e+06
1.49032e+06
1.47715e+06
1.46568e+06
1.45466e+06
1.44048e+06
1.4284e+06
1.42166e+06
1.406e+06
1.39802e+06
1.39039e+06
1.38206e+06
1.37413e+06
1.38016e+06
1.35687e+06
1.345e+06
1.3365e+06
1.32831e+06
1.31878e+06
1.31359e+06
1.30504e+06
1.29603e+06
1.29147e+06
1.28534e+06
1.31661e+06
1.48582e+06
1.33999e+06
1.25852e+06
1.25244e+06
1.24653e+06
1.24263e+06
1.23796e+06
1.23252e+06
1.22941e+06
1.22564e+06
1.22185e+06
1.21899e+06
1.21592e+06
1.21483e+06
1.20778e+06
1.20784e+06
1.20631e+06
1.21371e+06
1.31907e+06
1.22921e+06
1.19441e+06
1.19239e+06
1.1907e+06
1.18865e+06
1.27533e+06
1.35863e+06
1.18774e+06
1.18194e+06
1.18116e+06
1.17845e+06
1.17884e+06
1.17774e+06
1.17965e+06
1.17868e+06
1.17621e+06
1.18206e+06
1.17953e+06
1.1893e+06
1.20982e+06
1.19007e+06
1.17934e+06
1.17987e+06
1.18468e+06
1.18347e+06
1.18682e+06
1.1858e+06
1.18622e+06
1.19185e+06
1.19613e+06
1.1969e+06
1.19758e+06
1.1987e+06
1.20356e+06
1.20908e+06
1.23703e+06
1.21673e+06
1.21442e+06
1.2172e+06
1.2229e+06
1.22672e+06
1.22916e+06
1.23604e+06
1.23856e+06
1.24532e+06
1.26544e+06
1.27038e+06
1.26078e+06
1.26351e+06
1.27223e+06
1.28568e+06
1.28559e+06
1.30718e+06
1.30005e+06
1.306e+06
1.31759e+06
1.31968e+06
1.32964e+06
1.36734e+06
1.43233e+06
1.36628e+06
1.36982e+06
1.38384e+06
1.39444e+06
1.40018e+06
1.40961e+06
1.42266e+06
1.43529e+06
1.45781e+06
1.47406e+06
1.47497e+06
1.48926e+06
1.50517e+06
1.51917e+06
1.53789e+06
1.55222e+06
1.56725e+06
1.58708e+06
1.60287e+06
1.62439e+06
1.64963e+06
1.76329e+06
1.70031e+06
1.69842e+06
1.71716e+06
1.73598e+06
1.75607e+06
1.79117e+06
1.79025e+06
1.80366e+06
1.81991e+06
1.82858e+06
1.81225e+06
1.77751e+06
1.69296e+06
1.58196e+06
1.51966e+06
1.42761e+06
1.40491e+06
1.39413e+06
1.37936e+06
1.3689e+06
1.36139e+06
1.35435e+06
1.35172e+06
1.33837e+06
1.32944e+06
1.3199e+06
1.31535e+06
1.30447e+06
1.29533e+06
1.28387e+06
1.27444e+06
1.26193e+06
1.24935e+06
1.23595e+06
1.22451e+06
1.21326e+06
1.20064e+06
1.19688e+06
1.19241e+06
1.18997e+06
1.18895e+06
1.19301e+06
1.18818e+06
1.1923e+06
1.1927e+06
1.19703e+06
1.19982e+06
1.19895e+06
1.19168e+06
1.17363e+06
1.11832e+06
1.04694e+06
936180
831026
796541
775262
753666
736224
720379
706431
702409
688643
738928
1.08166e+06
7.52484e+06
3.0052e+07
1.10679e+06
530723
470269
445517
424231
403370
379278
357250
333619
311174
291646
274504
258933
245759
234127
246396
202829
188338
177741
170170
162978
159785
157777
154311
152776
152807
155327
146947
145093
142188
140485
139041
136863
136161
137690
153533
274729
742032
1.24885e+07
2.14172e+07
317763
75433
43274
40420
38974
38136
37385
36839
36314
38696
54902
35769
37527
34241
33693
34579
40128
40487
38970
32601
32327
32319
32386
32034
31850
31741
31209
32047
36262
51179
421122
915334
36635
23030
21657
21657
21548
21346
21472
23726
23925
23251
23758
30980
22444
20887
20518
20556
20907
21006
22807
21943
20634
20234
19723
19844
18942
18864
18868
18979
20025
23699
27590
32314
29004
20188
18464
18125
18131
17965
20210
23492
18781
23986
18762
18940
17109
16734
16545
16769
17669
21167
17247
16258
16169
16352
16922
17044
16823
17091
15802
16047
15790
15534
15712
15757
15897
17796
28585
16640
15532
15422
15445
15455
15752
17339
44114
75089
17160
14742
14800
14813
14746
14544
14570
14638
14864
15018
14882
14743
14337
14746
14732
14489
14664
15829
15597
20803
19783
14711
14487
14344
14603
14627
15562
14923
14675
14881
14897
14991
15137
14601
14637
14421
14668
14629
14736
14502
14433
14773
15497
14171
14384
14434
14393
14432
14091
14406
14063
14145
14080
13584
13687
13874
13808
13362
13495
13627
13648
13662
13720
13694
13511
13352
13412
13209
13477
13376
13711
13751
13594
13283
13097
13200
13212
12914
13009
13143
13418
13516
14042
23100
25840
14874
13707
16627
15509
12988
13153
12926
12856
13116
12991
13341
12970
12846
13122
13033
12949
13231
13032
13041
13300
13109
13480
13710
21565
30518
16236
13322
13209
13364
13084
13126
13434
13219
13408
13512
13426
13322
13768
13784
13812
13781
13867
13744
13669
13539
14098
14569
13829
12920
13493
13395
13307
13189
13187
13217
13455
13445
13244
13502
13780
13841
13436
13280
13710
13353
13576
13278
12863
12955
12160
11671
11325
11287
11302
11049
10784
10975
10910
10544
10539
10337
10603
10595
10460
12807
14689
11318
9871
9640
9676
9472
9178
9125
9141
8909
8784
8766
9198
12583
23938
17754
8889
8075
7805
7673
7678
7601
7691
7738
7560
7795
7558
7403
7298
7534
7544
7481
7575
7643
7493
7668
7419
7790
8306
9655
19409
82612
88599
21096
7005
6855
6747
6829
6816
6641
6895
6602
6788
6893
7198
6816
6569
6877
6650
6793
6901
6657
7076
6608
6652
6727
6623
6655
6563
6585
6733
6700
6808
6769
6572
6727
6693
6648
6550
6648
6745
6623
6746
6494
6653
6812
6677
6500
6711
6817
6682
6902
6465
6669
6704
6812
6635
6691
6741
6582
6757
6782
6665
6844
6709
6623
6661
6684
6652
6799
6648
6437
6614
6702
6630
6806
6687
6548
6915
6697
6766
6660
6522
6712
6537
6851
6750
6443
6711
6743
6918
6608
6734
6606
6571
6759
6551
6706
6731
6746
6609
6712
6688
6490
6515
6716
6884
6693
6599
6532
6596
6568
6687
6507
6707
6755
6590
6409
6836
6720
6569
6714
6457
6756
6592
6741
6576
6625
6394
6490
6729
6801
6739
6512
6772
6444
6550
6655
6724
6630
6543
6626
6580
6423
6633
6577
6585
6802
6555
6639
6573
6499
6676
6726
6762
6583
6456
6835
6648
6596
6615
6495
6558
6640
6822
6523
6530
6650
6614
6484
6672
6498
6401
6640
6616
6466
6687
6630
6517
6736
6601
6509
6708
6577
6642
6508
6694
6656
6716
6701
6607
6840
6583
6585
6466
6759
6551
6597
6374
6609
6760
6676
6600
6561
6532
6618
6752
6691
6434
6314
6569
6580
6404
6578
6605
6511
6576
6523
6885
6654
6633
6595
6672
6463
6496
6634
6497
6555
6570
6772
6686
6582
6620
6471
6596
6609
6567
6662
6661
6590
6573
6686
6657
6649
6501
6833
6582
6706
6885
6570
6582
6558
6634
6614
6638
6556
6724
6548
6673
6712
6611
6609
6538
6553
6706
6635
6620
6497
6564
6731
6653
6670
6453
6614
6568
6602
6656
6578
6630
6426
6628
6492
6553
6403
6634
6654
6618
6622
6523
6627
6776
6717
6600
6742
6520
6505
6337
6743
6474
6642
6683
6473
6483
6562
6514
6478
6648
6583
6521
6465
6645
6631
6567
6603
6481
6384
6416
6559
6675
6531
6416
6615
6745
6724
6651
6494
6596
6780
6669
6467
6643
6425
6432
6510
6715
6529
6717
6433
6642
6424
6495
6548
6612
6457
6522
6438
6741
6563
6619
6441
6565
6662
6510
6579
6615
6407
6365
6645
6525
6556
6765
6594
6653
6524
6466
6533
6749
6484
6583
6694
6521
6379
6543
6578
6677
6561
6630
6333
6524
6815
6587
6478
6760
6524
6425
6608
6539
6454
6492
6605
6464
6594
6745
6823
6405
6622
6512
6554
6632
6609
6635
6600
6657
6445
6516
6755
6638
6449
6416
6441
6343
6385
6619
6792
6585
6458
6653
6606
6667
6604
6457
6668
6406
6485
6486
6613
6489
6480
6590
6569
6697
6577
6379
6649
6523
6428
6726
6344
6490
6561
6704
6600
6520
6618
6581
6594
6486
6473
6662
6579
6585
6545
6508
6528
6472
6535
6324
6391
6463
6386
6565
6424
6551
6534
6406
6447
6496
6533
6620
6614
6374
6494
6664
6610
6595
6411
6340
6449
6592
6552
6525
6441
6498
6556
6468
6566
6566
6326
6549
6542
6555
6504
6521
6539
6497
6455
6510
6520
6678
6540
6615
6571
6572
6402
6627
6610
6530
6498
6337
6400
6510
6569
6495
6556
6672
6734
6576
6521
6306
6593
6416
6507
6497
6504
6584
6663
6554
6665
6600
6550
6428
6541
6572
6533
6687
6427
6611
6738
6698
6548
6674
6588
6656
6407
6794
6516
6578
6474
6458
6548
6499
6704
6478
6666
6658
6723
6556
6564
6574
6595
6724
6452
6509
6374
6651
6527
6558
6379
6367
6491
6452
6486
6458
6467
6674
6568
6691
6422
6435
6453
6732
6489
6297
6356
6617
6423
6470
6487
6599
6419
6402
6704
6472
6314
6512
6527
6320
6572
6542
6614
6673
6654
6514
6528
6765
6544
6633
6428
6612
6468
6626
6506
6722
6395
6729
6606
6472
6602
6553
6587
6569
6582
6281
6449
6500
6562
6852
6677
6707
6552
6456
6489
6546
6494
6341
6425
6765
6514
6544
6470
6501
6518
6666
6700
6375
6439
6769
6535
6597
6471
6690
6529
6655
6612
6448
6548
6527
6518
6630
6613
6364
6554
6583
6640
6506
6470
6607
6586
6416
6458
6609
6616
6467
6432
6570
6542
6798
6543
6485
6477
6481
6525
6596
6621
6575
6573
6413
6490
6634
6496
6596
6613
6583
6592
6587
6612
6394
6391
6470
6413
6529
6297
6461
6408
6634
6528
6464
6475
6676
6399
6398
6553
6349
6463
6473
6321
6497
6437
6514
6268
6539
6584
6658
6454
6643
6541
6478
6591
6325
6517
6497
6437
6457
6547
6601
6617
6590
6523
6641
6684
6452
6255
6576
6635
6452
6557
6549
6377
6375
6524
6545
6559
6600
6384
6390
6508
6565
6506
6536
6631
6492
6642
6523
6451
6465
6428
6589
6656
6615
6486
6566
6358
6644
6506
6360
6490
6557
6480
6522
6457
6522
6496
6428
6687
6486
6435
6412
6587
6357
6533
6481
6622
6542
6420
6487
6495
6443
6576
6521
6619
6594
6533
6472
6436
6460
6364
6416
6567
6604
6595
6638
6495
6393
6571
6540
6462
6469
6612
6507
6355
6563
6520
6573
6515
6365
6679
6586
6603
6571
6607
6400
6499
6435
6508
6652
6357
6432
6601
6691
6638
6673
6509
6806
6591
6696
6513
6630
6465
6362
6604
6709
6670
6731
6521
6629
6497
6431
6476
6606
6562
6523
6502
6346
6463
6474
6413
6403
6438
6500
6372
6386
6543
6342
6519
6513
6403
6557
6525
6464
6493
6529
6711
6707
6480
6592
6455
6449
6373
6540
6404
6541
6240
6352
6515
6600
6556
6395
6513
6294
6386
6440
6358
6544
6768
6449
6344
6550
6594
6490
6469
6347
6506
6548
6467
6305
6426
6477
6644
6349
6453
6616
6496
6609
6357
6586
6592
6524
6311
6415
6400
6450
6385
6675
6403
6536
6535
6434
6483
6463
6516
6351
6455
6343
6482
6387
6422
6602
6385
6382
6455
6506
6492
6362
6522
6442
6463
6229
6392
6488
6417
6499
6644
6674
6522
6487
6419
6536
6644
6503
6403
6472
6434
6639
6533
6503
6477
6534
6779
6337
6615
6531
6473
6533
6500
6520
6513
6492
6469
6396
6459
6476
6598
6848
6410
6445
6427
6570
6537
6350
6695
6685
6557
6564
6271
6346
6325
6357
6536
6672
6529
6376
6478
6552
6577
6408
6424
6532
6487
6530
6408
6628
6513
6363
6430
6607
6699
6537
6586
6547
6529
6688
6625
6401
6300
6430
6288
6483
6228
6525
6545
6448
6575
6570
6506
6334
6408
6555
6390
6444
6433
6688
6500
6557
6592
6653
6516
6599
6517
6647
6513
6510
6374
6465
6556
6461
6545
6448
6233
6446
6546
6586
6740
6513
6369
6489
6656
6481
6552
6420
6558
6554
6576
6477
6250
6456
6304
6605
6632
6581
6329
6376
6445
6618
6548
6325
6324
6600
6570
6359
6653
6509
6633
6440
6510
6527
6560
6370
6318
6431
6539
6250
6511
6440
6458
6510
6378
6472
6389
6418
6387
6443
6331
6487
6710
6437
6363
6432
6474
6622
6454
6500
6442
6470
6553
6377
6308
6420
6652
6552
6450
6552
6608
6336
6359
6404
6538
6429
6339
6304
6414
6405
6452
6589
6515
6635
6471
6466
6507
6486
6612
6671
6432
6486
6366
6640
6529
6648
6577
6679
6694
6577
6520
6439
6331
6526
6456
6464
6314
6463
6480
6220
6503
6595
6383
6440
6266
6596
6452
6553
6449
6429
6383
6380
6268
6459
6404
6372
6517
6288
6372
6694
6652
6534
6574
6589
6588
6445
6424
6442
6483
6472
6359
6459
6585
6486
6386
6481
6477
6493
6444
6446
6360
6409
6528
6660
6436
6632
6356
6447
6588
6433
6425
6431
6460
6398
6764
6642
6608
6443
6364
6533
6644
6524
6678
6487
6534
6462
6690
6391
6704
6625
6518
6294
6501
6470
6796
6458
6467
6514
6552
6552
6438
6657
6682
6463
6642
6646
6631
6375
6573
6559
6512
6400
6641
6498
6697
6505
6447
6358
6581
6687
6484
6503
6367
6606
6443
6470
6428
6573
6555
6699
6483
6350
6427
6426
6322
6405
6516
6413
6396
6371
6527
6697
6614
6488
6336
6709
6521
6472
6541
6489
6446
6434
6526
6331
6389
6705
6423
6316
6690
6477
6424
6417
6628
6626
6432
6238
6353
6277
6423
6400
6587
6504
6492
6433
6532
6537
6319
6416
6454
6494
6457
6387
6458
6519
6428
6537
6539
6280
6431
6322
6406
6604
6514
6472
6485
6549
6258
6516
6384
6533
6353
6400
6397
6555
6515
6416
6453
6537
6583
6528
6521
6474
6404
6521
6535
6477
6304
6421
6670
6580
6511
6353
6584
6502
6456
6587
6412
6583
6404
6331
6618
6512
6544
6605
6369
6465
6431
6559
6630
6427
6446
6535
6517
6495
6481
6553
6649
6471
6709
6466
6434
6404
6421
6590
6416
6638
6440
6374
6448
6355
6316
6305
6619
6539
6548
6589
6269
6616
6589
6400
6636
6394
6425
6507
6533
6497
6430
6304
6461
6498
6696
6384
6452
6443
6289
6646
6351
6391
6568
6265
6671
6468
6464
6345
6532
6627
6512
6384
6334
6535
6516
6402
6336
6471
6343
6441
6579
6527
6353
6321
6435
6463
6465
6465
6389
6655
6383
6393
6573
6536
6556
6461
6406
6459
6582
6466
6538
6399
6448
6665
6533
6332
6477
6461
6453
6530
6678
6607
6324
6471
6696
6581
6545
6369
6411
6328
6605
6473
6502
6530
6321
6379
6696
6357
6364
6365
6510
6348
6725
6360
6276
6339
6490
6563
6556
6716
6477
6429
6460
6357
6439
6599
6571
6675
6462
6536
6376
6609
6392
6607
6420
6679
6533
6445
6350
6511
6397
6684
6204
6414
6460
6294
6404
6478
6477
6383
6331
6673
6387
6603
6313
6446
6502
6616
6496
6313
6435
6573
6523
6464
6405
6586
6459
6430
6536
6535
6481
6452
6486
6477
6587
6338
6383
6427
6377
6346
6683
6428
6542
6411
6465
6415
6552
6482
6378
6396
6434
6313
6553
6628
6482
6547
6467
6386
6498
6358
6333
6499
6578
6374
6305
6379
6457
6456
6474
6621
6387
6543
6574
6572
6698
6511
6539
6455
6436
6558
6474
6647
6371
6566
6584
6481
6506
6566
6498
6326
6479
6482
6382
6508
6474
6429
6543
6431
6447
6409
6411
6295
6515
6367
6469
6408
6654
6471
6442
6525
6441
6487
6596
6508
6512
6531
6363
6473
6481
6532
6549
6467
6611
6498
6617
6645
6483
6479
6353
6446
6625
6339
6724
6576
6495
6430
6469
6643
6511
6558
6543
6440
6441
6690
6466
6514
6587
6462
6421
6557
6565
6309
6520
6510
6582
6427
6555
6662
6508
6378
6414
6496
6654
6615
6484
6539
6605
6404
6577
6481
6520
6700
6507
6328
6398
6446
6638
6492
6459
6519
6481
6333
6509
6502
6551
6365
6551
6548
6436
6425
6576
6308
6486
6546
6359
6551
6540
6366
6562
6421
6500
6473
6330
6345
6584
6501
6387
6531
6574
6495
6498
6629
6446
6450
6423
6448
6526
6424
6385
6525
6700
6545
6642
6481
6561
6469
6589
6575
6596
6386
6331
6406
6523
6486
6571
6489
6470
6285
6476
6449
6459
6657
6382
6375
6325
6430
6370
6506
6373
6609
6536
6344
6524
6414
6364
6447
6351
6600
6406
6495
6425
6349
6429
6539
6425
6577
6594
6376
6463
6556
6562
6351
6579
6520
6351
6267
6597
6267
6492
6514
6471
6309
6342
6608
6386
6471
6377
6551
6374
6356
6497
6380
6417
6404
6541
6439
6408
6341
6578
6357
6676
6473
6414
6571
6478
6407
6441
6505
6596
6301
6533
6621
6418
6498
6428
6423
6424
6629
6430
6541
6469
6535
6414
6467
6598
6450
6426
6438
6217
6626
6703
6449
6543
6669
6562
6437
6456
6403
6397
6506
6439
6492
6640
6447
6465
6470
6475
6434
6457
6367
6382
6560
6547
6526
6584
6443
6513
6535
6474
6532
6518
6355
6280
6386
6452
6526
6591
6404
6518
6453
6438
6381
6419
6367
6411
6453
6533
6603
6584
6442
6662
6582
6513
6360
6586
6447
6242
6420
6551
6563
6586
6615
6335
6516
6728
6390
6373
6522
6478
6362
6496
6635
6350
6649
6589
6545
6459
6373
6283
6386
6695
6770
6452
6288
6397
6440
6567
6250
6456
6445
6306
6327
6419
6582
6518
6470
6505
6581
6555
6548
6540
6472
6367
6409
6486
6263
6524
6555
6324
6306
6253
6572
6401
6448
6427
6520
6522
6375
6574
6424
6562
6393
6483
6481
6469
6448
6472
6493
6719
6499
6473
6487
6459
6429
6458
6410
6594
6513
6407
6423
6502
6462
6427
6488
6467
6406
6268
6387
6612
6425
6422
6447
6600
6514
6378
6457
6587
6543
6451
6287
6363
6389
6498
6476
6438
6261
6422
6467
6633
6667
6520
6327
6343
6515
6567
6361
6409
6361
6427
6351
6390
6356
6292
6537
6672
6230
6474
6539
6564
6469
6335
6503
6569
6513
6424
6640
6572
6300
6457
6545
6634
6404
6331
6649
6621
6464
6417
6484
6568
6511
6440
6430
6339
6615
6399
6525
6418
6482
6524
6532
6473
6466
6371
6321
6539
6466
6396
6411
6518
6642
6417
6561
6374
6582
6362
6257
6462
6376
6542
6447
6325
6420
6256
6419
6413
6474
6674
6574
6507
6389
6412
6371
6455
6521
6509
6508
6462
6483
6298
6635
6443
6498
6464
6648
6609
6577
6431
6532
6280
6392
6506
6605
6475
6247
6392
6457
6488
6291
6421
6265
6348
6309
6241
6497
6560
6393
6448
6371
6536
6419
6422
6440
6688
6560
6374
6551
6438
6332
6256
6322
6450
6459
6332
6661
6511
6598
6526
6398
6557
6614
6501
6588
6451
6318
6209
6483
6376
6401
6559
6474
6421
6517
6545
6504
6389
6331
6492
6508
6688
6513
6426
6661
6380
6394
6323
6404
6371
6288
6350
6503
6689
6753
6756
6334
6623
6490
6429
6432
6440
6396
6420
6625
6495
6435
6642
6497
6426
6457
6337
6332
6347
6563
6332
6481
6632
6372
6527
6537
6564
6608
6303
6492
6501
6601
6534
6723
6622
6467
6296
6381
6450
6469
6387
6413
6629
6464
6569
6760
6629
6549
6374
6546
6481
6173
6301
6526
6367
6459
6491
6537
6449
6450
6528
6479
6535
6410
6582
6488
6431
6619
6424
6375
6486
6581
6547
6501
6460
6550
6392
6402
6338
6348
6473
6690
6518
6352
6387
6430
6526
6504
6587
6361
6457
6646
6523
6533
6640
6536
6340
6631
6305
6292
6514
6458
6610
6533
6572
6548
6554
6512
6224
6396
6606
6451
6280
6343
6254
6530
6682
6650
6370
6305
6628
6579
6575
6520
6487
6209
6431
6517
6534
6396
6504
6479
6340
6295
6417
6454
6511
6449
6519
6648
6485
6254
6491
6638
6588
6540
6474
6598
6412
6658
6466
6455
6498
6496
6517
6531
6641
6441
6498
6536
6281
6507
6738
6330
6317
6339
6370
6639
6421
6452
6466
6187
6604
6232
6371
6589
6365
6383
6525
6434
6648
6582
6568
6443
6250
6535
6530
6311
6512
6603
6334
6526
6467
6547
6390
6489
6534
6343
6386
6434
6718
6435
6430
6470
6329
6491
6478
6498
6444
6538
6509
6246
6335
6560
6220
6407
6510
6530
6531
6479
6402
6373
6542
6499
6280
6585
6453
6278
6404
6425
6663
6486
6450
6289
6429
6344
6459
6415
6315
6515
6403
6344
6378
6415
6461
6427
6320
6269
6440
6485
6477
6522
6334
6387
6361
6582
6314
6533
6534
6314
6408
6334
6789
6610
6487
6379
6380
6352
6556
6468
6493
6443
6602
6452
6522
6336
6451
6441
6420
6533
6390
6230
6384
6480
6596
6525
6485
6583
6264
6550
6471
6565
6271
6314
6487
6409
6407
6620
6311
6513
6470
6496
6419
6531
6237
6481
6328
6501
6537
6441
6437
6588
6431
6408
6532
6378
6591
6499
6563
6358
6513
6593
6563
6562
6633
6522
6519
6459
6426
6438
6546
6669
6430
6461
6446
6450
6435
6571
6358
6569
6625
6315
6332
6349
6481
6614
6509
6534
6566
6412
6398
6525
6303
6302
6277
6559
6332
6415
6460
6501
6598
6371
6532
6635
6543
6464
6428
6450
6530
6585
6489
6531
6361
6493
6448
6483
6622
6455
6652
6572
6363
6436
6463
6474
6439
6390
6388
6593
6520
6476
6468
6540
6418
6573
6504
6558
6478
6447
6451
6328
6422
6324
6303
6396
6589
6444
6622
6201
6453
6444
6661
6435
6503
6419
6282
6240
6436
6269
6569
6432
6720
6424
6353
6549
6340
6547
6343
6364
6424
6363
6350
6242
6441
6493
6482
6384
6407
6465
6525
6475
6292
6474
6288
6309
6442
6393
6341
6478
6644
6478
6425
6489
6478
6581
6560
6414
6356
6604
6197
6316
6582
6494
6523
6584
6326
6646
6417
6426
6522
6356
6459
6538
6317
6398
6428
6547
6597
6542
6443
6480
6483
6372
6567
6470
6323
6570
6461
6423
6838
6503
6432
6470
6396
6357
6544
6497
6413
6564
6396
6335
6510
6398
6470
6545
6561
6541
6478
6395
6530
6405
6395
6506
6367
6318
6527
6662
6511
6452
6542
6287
6441
6409
6599
6451
6502
6703
6482
6629
6601
6504
6489
6492
6526
6563
6482
6603
6532
6383
6383
6656
6410
6452
6476
6399
6607
6481
6472
6547
6359
6525
6490
6454
6449
6455
6665
6636
6365
6411
6407
6474
6392
6316
6428
6352
6282
6431
6374
6512
6607
6526
6376
6538
6390
6252
6550
6625
6437
6314
6456
6394
6529
6398
6613
6430
6402
6495
6457
6603
6516
6654
6566
6335
6337
6445
6623
6713
6619
6462
6393
6446
6478
6530
6519
6532
6314
6463
6573
6563
6436
6640
6694
6381
6231
6309
6585
6433
6433
6549
6504
6694
6570
6510
6447
6489
6557
6363
6451
6595
6522
6537
6518
6454
6403
6293
6452
6752
6366
6465
6456
6320
6331
6512
6419
6485
6541
6488
6369
6439
6450
6429
6601
6418
6531
6556
6632
6459
6407
6587
6448
6644
6558
6563
6510
6580
6373
6507
6504
6519
6433
6452
6498
6366
6313
6493
6489
6412
6461
6494
6355
6494
6359
6505
6413
6493
6332
6542
6372
6574
6400
6589
6404
6314
6300
6386
6527
6494
6316
6371
6368
6367
6434
6258
6360
6376
6399
6475
6377
6560
6333
6429
6474
6312
6544
6496
6414
6643
6507
6484
6368
6496
6500
6465
6393
6408
6376
6368
6497
6270
6641
6406
6453
6656
6569
6406
6462
6588
6482
6475
6755
6411
6244
6525
6459
6526
6484
6447
6558
6534
6445
6444
6531
6487
6564
6619
6343
6409
6415
6414
6441
6455
6510
6641
6588
6430
6334
6449
6480
6532
6569
6384
6436
6540
6430
6424
6447
6349
6431
6377
6329
6509
6491
6487
6236
6475
6576
6342
6632
6331
6615
6275
6383
6508
6519
6517
6419
6459
6404
6561
6443
6280
6482
6470
6650
6446
6507
6397
6524
6311
6481
6540
6406
6650
6428
6408
6456
6551
6271
6548
6327
6417
6310
6552
6360
6380
6432
6486
6533
6458
6456
6520
6392
6453
6376
6512
6560
6550
6541
6387
6400
6521
6440
6615
6564
6402
6604
6343
6664
6515
6563
6595
6365
6431
6433
6598
6366
6417
6408
6332
6410
6543
6518
6361
6340
6375
6554
6388
6326
6376
6340
6603
6437
6278
6358
6566
6334
6356
6461
6462
6529
6551
6575
6525
6217
6641
6567
6476
6535
6354
6306
6407
6408
6453
6446
6672
6469
6665
6327
6446
6477
6492
6398
6549
6380
6302
6548
6532
6457
6506
6530
6520
6423
6744
6348
6532
6532
6428
6524
6330
6472
6542
6382
6441
6560
6452
6348
6431
6436
6294
6629
6513
6300
6537
6478
6464
6475
6380
6327
6552
6446
6453
6495
6560
6525
6486
6622
6508
6419
6308
6360
6629
6652
6474
6330
6376
6519
6482
6531
6534
6300
6612
6672
6305
6554
6561
6530
6549
6529
6715
6337
6414
6204
6368
6355
6452
6469
6290
6483
6651
6297
6519
6413
6608
6595
6449
6385
6353
6540
6460
6442
6495
6454
6320
6510
6307
6429
6371
6402
6474
6488
6579
6375
6377
6312
6409
6411
6257
6546
6402
6477
6630
6540
6661
6627
6370
6605
6297
6519
6524
6602
6457
6441
6408
6375
6371
6225
6382
6514
6310
6412
6646
6406
6671
6530
6488
6472
6453
6484
6476
6458
6507
6430
6438
6502
6541
6707
6624
6423
6518
6295
6494
6522
6385
6429
6326
6338
6584
6519
6576
6386
6433
6402
6467
6573
6441
6341
6359
6443
6280
6488
6542
6369
6674
6547
6381
6517
6482
6558
6417
6328
6373
6447
6587
6605
6598
6608
6440
6402
6415
6588
6431
6456
6497
6372
6474
6251
6595
6337
6449
6348
6405
6567
6429
6434
6466
6496
6624
6387
6477
6504
6391
6477
6428
6542
6334
6503
6452
6538
6555
6534
6695
6413
6581
6607
6598
6498
6455
6531
6604
6334
6415
6351
6498
6382
6517
6484
6540
6191
6405
6367
6404
6293
6559
6394
6474
6572
6406
6515
6546
6692
6557
6448
6520
6360
6549
6513
6335
6423
6388
6554
6475
6433
6671
6456
6558
6334
6491
6212
6510
6485
6499
6394
6511
6545
6427
6550
6661
6483
6438
6406
6453
6445
6549
6464
6496
6477
6388
6450
6506
6573
6536
6293
6552
6468
6416
6344
6387
6449
6596
6536
6410
6576
6384
6485
6612
6588
6561
6543
6409
6498
6419
6383
6481
6348
6401
6450
6540
6515
6470
6361
6509
6541
6555
6512
6485
6649
