0
0
0
0
0
0
0
0
0
0
0
0
0
0
0
0
0
0
0
0
0
169377
288679
288349
289075
286270
284997
283771
281516
279539
277838
274855
274354
273188
430966
529471
526369
525180
524442
525162
528030
535901
544987
556294
567739
580746
592284
599301
605263
606748
618858
611868
887409
907532
890729
868594
842915
816859
786881
761169
732457
709140
683989
664192
643604
627520
609855
593079
578516
564010
549957
534851
518337
505612
491036
479643
466712
455438
447254
437328
427536
419533
410107
400679
393257
385616
378745
370594
362958
358275
350893
347196
340770
337701
332696
329774
325976
323382
320564
317276
313101
310951
307766
303621
301748
299917
296178
294974
293242
290660
288870
287574
285837
284701
283098
280982
280065
279124
277672
277422
278079
278087
277178
277379
276246
275191
274053
270792
268854
264871
262870
258836
257322
254684
252010
250099
248589
247223
245615
245703
244601
244322
243426
243260
241882
242489
242197
240628
239435
238660
236672
234373
231188
228973
226370
224197
222520
220102
218100
216431
214797
213468
213708
213322
212503
211810
211750
210836
210531
209291
208944
208284
208345
208275
208591
208379
208211
208870
208773
209048
209401
209660
208994
209788
210607
210534
211074
210551
210410
210940
211079
212064
211818
212703
212996
213538
214373
213975
214803
215055
216034
215827
218012
219180
219576
219069
218679
219450
218434
217801
216115
216604
214749
214572
214372
213775
213829
213023
212728
213202
212887
213117
212050
212851
213245
212200
211924
212185
210721
210519
208982
207313
205733
202673
200681
197540
194815
190221
186614
181389
174650
170180
163171
156737
150764
144389
138792
133837
128868
124567
121271
118312
115453
113269
111193
109028
107148
105507
104326
102744
101822
100567
99918
99663
99165
97643
97448
97047
95968
95271
95134
93968
93427
92184
90760
90059
88743
87853
87802
89932
94652
104356
119723
145175
179364
227872
287775
362233
444017
528372
608539
673826
722060
739100
727120
689327
624717
543529
457164
369255
286990
217658
160342
115733
82887
59994
43599
32774
25489
21349
18612
16666
15315
15047
14752
15282
16816
19330
24171
31585
42290
58206
81085
111689
150572
199155
256974
321268
388515
453242
510230
554511
577973
579363
561566
523106
467847
402716
334156
268364
207729
155868
113870
81056
56218
39441
27560
19759
14693
11424
9568
8605
8557
8671
9651
10778
12254
14163
16267
18458
20385
22413
23822
24902
24864
24232
23228
21300
19411
17202
14680
12689
10504
8726
7346
6316
5213
4529
3951
3454
3083
2864
2637
2471
2199
2221
2132
1986
1990
1958
1992
1905
1917
1958
1970
1887
1893
1860
1829
1883
1842
1718
1740
1717
1612
1592
1593
1555
1462
1482
1486
1457
1402
1299
1357
1221
1312
1325
1269
1334
1306
1344
1360
1269
1376
1402
1429
1417
1535
1625
1586
1716
1828
1889
1891
1911
1959
1975
2041
1895
1743
1771
1619
1535
1426
1358
1295
1216
1178
1130
1117
1081
1092
1051
1123
1092
1069
1021
1068
1043
1002
1019
980
984
908
949
946
882
913
905
849
920
833
871
841
857
854
846
881
835
849
824
792
772
808
848
794
807
799
816
832
781
772
784
792
784
786
759
778
779
752
745
760
798
823
761
826
832
868
872
885
910
961
912
967
1026
1037
960
970
952
972
1022
954
965
966
951
969
909
931
938
962
915
846
940
944
873
934
929
971
961
933
915
995
977
932
907
886
869
859
841
843
820
800
767
729
690
807
680
713
707
683
675
634
626
639
612
560
584
572
554
542
497
489
473
485
482
526
491
535
512
551
525
558
643
659
618
703
620
650
594
611
578
534
527
470
464
500
465
504
547
572
577
640
790
800
840
849
873
924
935
927
918
1019
939
1011
899
896
883
846
735
726
650
620
548
577
519
541
529
563
604
653
757
824
852
908
994
1063
1083
1032
1081
985
982
852
835
777
674
603
502
403
374
280
243
216
204
144
122
134
92
93
92
87
76
88
82
86
77
66
72
67
77
65
65
64
53
54
61
44
57
54
31
39
26
29
47
34
26
34
32
43
31
35
32
34
37
27
33
35
16
30
28
30
31
35
30
38
38
30
34
39
35
36
26
23
24
28
31
33
29
30
24
34
27
31
28
29
21
32
31
35
32
25
30
26
32
32
21
31
23
25
29
21
30
27
24
26
32
26
24
27
38
24
32
26
21
24
27
21
31
32
20
25
32
16
29
17
25
26
26
28
23
21
31
35
20
33
27
27
25
18
27
27
31
14
27
21
17
22
31
26
18
32
19
27
21
14
31
29
17
37
19
20
21
21
25
18
30
18
17
21
22
19
23
19
15
25
28
25
23
23
28
17
21
23
22
23
16
24
25
20
26
20
20
25
29
21
21
17
23
28
20
21
26
14
19
15
21
16
20
23
20
14
30
16
18
26
23
17
15
19
15
31
19
34
14
18
12
19
17
20
22
24
19
20
15
14
16
17
21
21
22
21
15
23
14
20
14
31
17
24
19
22
22
26
16
15
14
22
21
16
21
14
21
15
20
14
16
22
18
22
13
16
16
20
16
20
24
19
18
20
22
24
14
18
13
17
22
16
20
21
20
19
17
17
17
22
14
17
13
18
13
16
21
21
14
22
15
20
16
22
15
18
10
21
19
17
14
23
15
15
14
25
17
13
23
16
9
15
16
18
15
19
20
11
22
19
18
21
16
15
18
16
18
11
18
12
17
18
22
19
21
22
18
23
20
14
19
18
26
19
13
27
25
14
17
16
13
15
34
21
26
12
21
13
16
14
11
19
23
13
18
9
21
23
12
14
9
17
18
21
12
19
19
18
18
12
16
13
26
13
15
21
8
20
20
22
13
14
13
21
18
16
10
12
15
13
19
22
12
15
19
15
20
24
16
21
11
17
15
15
18
19
17
21
22
19
11
16
18
16
14
15
18
18
18
20
16
23
18
8
18
20
18
20
19
23
19
17
21
18
10
11
23
15
19
21
22
12
16
17
13
17
17
22
15
16
18
20
17
13
24
15
11
23
20
15
17
19
20
14
18
14
19
16
19
15
10
13
23
15
16
15
14
18
17
13
11
17
11
18
17
16
23
13
13
11
19
22
16
18
13
11
12
13
17
18
23
14
20
11
10
20
16
16
19
9
14
15
11
16
26
9
19
9
14
14
15
13
15
16
15
9
17
14
12
9
21
19
13
19
11
9
18
13
12
12
14
16
20
15
20
15
14
11
11
12
15
26
14
17
16
15
18
13
13
14
20
12
14
13
17
10
15
11
17
20
16
12
15
13
19
14
8
21
18
10
12
19
13
17
11
11
18
8
17
11
10
13
10
15
7
11
19
16
12
17
11
23
13
12
11
9
13
13
14
9
18
13
9
19
16
12
14
20
14
21
8
15
15
17
11
14
14
11
17
14
17
8
14
17
12
14
11
16
18
17
8
11
21
14
12
11
14
11
20
14
10
12
15
14
14
22
13
16
22
7
15
15
19
15
11
16
10
11
8
23
11
16
6
8
11
15
17
13
17
17
23
17
18
13
12
11
14
11
23
12
14
10
13
17
19
19
13
10
8
18
11
13
11
8
8
14
14
15
11
9
17
10
12
14
10
13
12
16
11
14
9
12
9
19
11
8
13
11
15
13
9
14
12
25
12
7
14
13
17
16
11
14
6
15
10
9
12
9
9
12
12
14
6
8
11
14
7
7
22
12
15
7
12
5
11
16
11
9
14
10
18
8
6
11
11
10
18
11
12
15
16
6
16
10
6
12
8
17
12
10
12
9
8
11
12
5
14
17
8
13
9
11
19
11
10
11
14
13
10
12
14
19
17
16
7
7
9
16
6
11
9
14
16
9
14
10
15
13
8
10
8
8
7
6
15
16
11
9
8
14
16
14
7
11
14
14
17
11
7
17
9
9
11
6
11
13
10
13
8
8
9
6
17
14
7
14
11
6
14
12
14
11
9
5
11
13
9
8
12
11
14
15
14
6
11
12
11
6
7
11
10
10
8
7
7
9
10
11
8
12
17
11
13
4
7
12
10
10
9
5
8
9
15
8
8
15
10
11
14
9
4
3
8
9
6
10
9
6
10
10
10
6
11
13
7
11
14
9
10
14
10
17
11
11
10
11
5
9
12
14
14
11
7
9
18
9
12
12
7
13
12
9
9
11
7
9
11
9
7
12
15
7
9
13
10
17
6
8
11
16
12
8
10
13
11
6
12
8
13
9
7
12
7
14
17
8
12
11
12
10
7
12
10
7
9
12
12
7
7
11
14
15
8
11
5
11
5
13
15
10
7
6
10
9
13
12
6
11
8
10
8
7
9
20
4
7
11
8
6
10
12
10
9
9
13
12
6
11
9
12
13
11
13
8
11
9
13
14
18
14
20
11
14
11
8
13
11
10
7
17
18
5
13
8
13
13
11
16
5
9
11
14
6
9
10
3
3
10
14
11
14
11
11
9
11
9
10
9
9
9
4
8
8
8
6
10
7
4
14
9
10
7
10
11
12
7
9
14
10
8
13
9
14
9
7
4
7
21
4
9
19
7
11
12
6
10
11
13
15
12
8
7
11
9
13
13
14
8
12
12
4
3
11
9
10
15
8
7
9
9
13
14
12
16
17
9
14
10
13
9
11
11
10
10
12
5
8
10
4
10
10
9
8
9
9
10
8
22
14
9
3
17
9
20
8
16
12
13
12
9
9
10
10
9
4
8
14
10
11
7
7
9
9
17
10
7
12
17
3
14
11
16
10
5
9
10
9
16
14
8
10
10
9
12
11
9
15
11
7
11
7
10
11
7
6
7
10
16
11
9
10
7
5
16
7
11
7
11
12
5
17
11
7
11
6
10
12
12
8
11
8
12
16
8
9
13
9
13
12
11
6
13
5
7
8
11
15
17
11
14
13
6
9
9
9
12
6
11
11
11
5
15
14
11
9
3
5
6
6
13
7
3
13
11
18
13
9
7
9
11
11
10
17
12
10
9
13
15
5
10
11
16
6
7
8
9
12
3
11
10
7
14
9
10
14
10
7
15
14
12
11
9
14
13
12
6
7
19
16
6
12
12
8
11
11
7
3
5
7
13
6
12
13
9
9
12
6
17
7
9
9
13
6
12
11
11
16
6
12
16
9
13
5
20
12
15
10
11
7
15
8
8
6
18
10
11
14
2
13
9
9
9
8
13
10
14
18
10
13
6
8
14
9
4
8
5
9
4
10
11
9
9
6
10
4
9
9
8
13
6
12
8
16
11
9
16
6
10
14
17
7
11
10
7
8
11
10
19
9
8
10
13
16
8
10
7
8
9
11
5
9
18
8
6
6
7
15
11
7
6
12
8
6
6
7
7
10
17
12
10
12
17
9
13
12
13
10
7
7
8
9
10
10
11
10
11
4
7
10
7
13
4
12
7
10
7
11
15
16
11
8
16
12
8
8
10
11
8
10
11
11
7
9
14
7
12
14
8
4
12
15
11
10
6
7
9
12
12
13
9
13
15
10
14
7
11
14
17
9
13
9
8
12
12
6
12
22
13
9
12
6
8
9
9
12
12
12
8
7
13
12
9
10
12
10
14
12
16
8
8
10
17
16
12
7
14
15
15
9
15
13
7
15
12
10
9
7
14
9
11
11
10
12
14
11
10
6
16
7
7
11
9
5
10
15
11
8
12
7
9
13
16
6
15
6
13
9
13
11
15
4
15
8
12
4
8
11
15
16
17
15
10
8
8
14
11
12
6
13
9
4
12
11
14
7
8
8
8
12
10
12
11
12
9
17
13
9
11
12
11
11
11
9
13
9
10
12
11
10
13
12
5
7
17
10
8
9
13
13
8
15
10
12
12
9
10
13
7
9
16
12
15
15
19
10
11
11
10
6
12
14
18
5
9
8
14
11
10
15
8
14
9
8
10
10
14
6
9
10
10
8
10
19
14
7
10
9
11
5
10
7
10
19
11
14
13
10
13
9
14
7
11
4
9
10
10
11
19
17
8
6
9
13
10
12
11
12
10
12
17
17
19
14
18
11
6
10
11
12
11
8
18
11
15
10
15
20
11
13
8
12
12
9
15
10
12
15
13
12
7
10
9
15
10
7
14
21
8
10
11
12
11
6
13
9
5
7
10
8
14
12
14
14
10
12
9
9
13
10
11
20
14
10
15
7
20
17
6
10
14
10
16
10
8
13
12
16
16
11
7
12
15
13
6
5
12
15
10
14
11
17
11
7
5
7
16
13
10
11
9
15
6
16
10
13
19
10
12
13
10
13
17
14
17
5
13
11
11
8
6
10
21
12
11
10
13
15
8
11
14
12
6
10
10
9
12
8
12
16
7
18
8
8
7
17
11
10
8
15
10
12
14
12
16
19
10
7
10
10
8
10
7
11
9
15
6
19
14
12
13
10
11
7
12
10
5
6
14
9
13
15
12
11
16
11
14
18
11
11
14
17
17
10
6
12
11
8
12
12
14
13
12
10
14
10
14
11
14
5
14
5
8
9
19
9
4
11
7
9
14
11
10
12
6
15
8
7
14
13
19
15
16
6
7
9
11
7
10
12
14
12
11
12
10
13
14
9
9
11
12
8
18
14
19
15
9
13
9
12
14
10
16
13
7
16
4
10
13
11
9
13
4
9
11
12
11
12
12
11
7
9
14
13
19
10
16
7
7
11
5
10
11
14
15
9
11
9
11
6
13
16
12
15
7
9
9
13
9
7
6
13
11
14
13
9
13
16
14
7
17
12
16
8
10
9
10
13
13
12
13
11
13
7
11
14
13
11
14
16
14
11
18
10
16
7
10
11
14
9
14
10
9
23
14
10
8
14
17
7
8
13
18
12
16
13
14
7
10
11
12
16
16
14
17
20
11
15
11
6
18
8
22
14
13
15
14
11
12
9
16
12
12
15
10
10
19
16
12
15
18
9
13
8
8
9
12
14
10
10
10
15
14
12
10
9
13
11
10
16
17
16
10
9
4
9
11
10
8
12
11
10
5
15
17
9
14
10
18
11
9
17
11
8
11
9
9
15
11
8
14
15
11
12
15
7
18
9
12
12
13
14
7
12
17
13
11
7
11
10
12
7
7
15
12
12
22
14
12
14
13
11
15
9
22
16
11
7
9
15
10
11
16
11
10
9
18
12
13
7
13
13
11
13
20
11
6
16
14
11
8
12
12
20
9
14
10
14
23
10
13
15
11
11
9
15
12
14
17
6
12
12
16
16
10
18
9
8
13
6
16
10
8
15
10
8
13
12
12
13
16
11
12
14
11
4
16
9
14
11
10
15
16
10
7
14
14
13
12
13
14
6
12
10
13
7
16
11
10
6
15
9
10
12
13
13
8
13
12
14
14
11
12
15
10
11
15
20
14
11
10
7
13
14
7
9
12
9
12
5
6
12
14
9
10
9
9
17
11
16
13
9
10
15
5
9
14
11
11
14
16
9
12
11
11
12
16
11
14
14
16
12
5
10
9
13
8
13
11
15
12
8
10
13
12
11
18
11
14
17
13
10
7
12
12
7
12
14
10
9
14
7
13
9
15
14
11
12
11
12
11
11
12
9
9
10
13
19
10
11
17
18
4
11
9
16
14
11
14
8
16
12
11
8
6
12
12
12
11
13
11
15
15
16
10
12
8
14
18
8
18
9
11
6
15
6
12
13
14
8
13
15
12
11
15
16
15
13
15
11
12
12
13
16
15
9
7
5
16
11
9
12
14
10
16
14
10
16
16
8
11
10
8
12
15
13
13
10
13
9
11
10
10
9
15
6
9
11
15
13
16
13
14
14
15
13
12
11
16
13
18
17
18
9
17
18
13
11
14
13
12
10
14
9
9
21
19
15
14
12
16
11
13
11
12
10
10
12
14
13
9
14
13
13
14
14
11
10
21
19
10
12
13
16
19
6
8
18
8
10
15
17
10
0
20
12
17
9
14
12
15
8
13
12
9
7
15
13
12
11
15
20
11
13
13
9
12
15
17
7
14
12
9
11
19
14
9
15
12
17
11
6
15
12
12
10
16
16
7
18
12
14
14
16
17
14
15
15
18
11
15
7
20
14
10
14
14
12
13
12
8
5
14
13
11
12
16
12
18
11
15
15
16
14
16
12
10
14
12
15
16
10
12
16
14
15
23
10
14
16
14
9
19
6
13
13
16
9
13
9
10
13
11
12
15
17
13
13
17
13
11
12
13
14
16
9
11
14
9
13
14
17
13
15
18
12
12
19
18
12
16
12
11
12
20
10
5
9
15
11
18
12
19
20
10
20
19
6
13
11
11
17
14
15
12
11
15
9
15
14
10
16
10
19
20
11
9
9
12
15
12
9
14
12
10
12
16
12
7
17
17
10
17
13
12
10
11
12
13
11
16
11
6
13
14
13
15
12
12
17
7
10
16
11
12
15
18
15
12
8
8
12
16
13
15
7
16
10
11
12
16
15
15
10
11
12
16
14
15
12
15
15
15
14
14
11
15
15
11
17
15
13
14
16
15
13
9
9
14
16
16
19
12
19
17
11
17
21
16
18
11
12
13
10
11
17
8
12
11
16
11
17
17
12
13
12
13
19
12
17
19
18
17
14
15
18
21
16
14
8
11
11
10
10
14
11
14
21
10
15
16
18
16
17
15
17
11
17
16
15
17
10
14
8
14
7
11
15
9
6
11
15
20
13
15
16
8
9
15
12
16
13
13
12
9
4
17
20
20
12
10
11
14
8
11
11
12
18
16
16
8
15
8
13
13
17
14
22
13
10
14
14
17
14
4
8
14
17
11
16
11
12
8
18
14
15
11
11
12
10
16
18
13
15
12
10
16
13
11
13
15
17
14
15
14
9
13
14
13
12
14
16
15
17
18
18
16
11
13
13
15
15
14
14
14
18
13
12
10
16
16
21
18
15
17
16
13
25
15
10
11
16
13
10
12
9
16
11
17
19
14
7
9
17
13
9
19
21
9
6
9
8
7
12
17
22
14
6
15
13
16
11
16
17
21
11
9
14
13
11
9
9
11
9
14
12
6
8
14
12
14
19
15
17
11
9
18
11
11
18
16
16
18
11
12
15
11
14
18
14
10
9
16
11
10
22
14
22
8
15
17
11
21
13
15
20
16
20
11
14
17
22
14
24
14
15
17
16
13
14
14
15
9
11
21
21
8
19
16
11
10
12
20
16
20
15
15
8
7
11
22
10
14
14
12
14
10
15
18
13
20
15
12
20
10
10
16
14
26
14
13
13
11
13
15
21
16
15
12
17
22
16
12
11
12
18
8
14
17
23
16
19
10
24
15
9
12
16
17
17
18
18
17
10
15
17
15
14
20
12
8
19
16
8
7
12
11
16
8
22
14
19
17
15
13
20
10
8
12
22
15
20
17
15
29
12
16
9
15
17
15
18
19
10
14
11
16
14
11
11
15
15
12
16
12
14
14
16
15
17
13
17
18
12
11
23
17
14
11
19
9
16
15
15
12
13
17
9
15
12
15
14
14
15
14
14
18
14
11
15
11
16
23
8
13
18
18
29
15
9
15
14
7
14
16
14
14
18
13
14
12
12
13
21
14
17
13
10
16
6
15
14
13
15
15
10
22
7
16
16
14
21
13
17
18
17
14
11
18
20
13
16
11
19
15
9
10
14
14
19
15
12
15
19
15
16
18
8
16
19
18
10
17
20
23
11
11
14
14
12
14
17
20
16
19
26
17
19
19
17
19
12
17
13
15
17
11
14
13
12
11
16
21
12
16
15
15
11
15
17
16
12
