0
2485
104
15
9
5
4
5
8
7
6
11
9
6
5
10
7
16
17
35
36
75
141
269
541
1043
1851
3017
4660
6756
8844
11023
12607
14347
15067
15941
16206
16236
16431
16532
16477
16501
16550
15862
15969
15428
15603
15222
15038
15030
15024
14624
14729
14619
14616
14614
14998
15716
16478
16988
16654
16449
15847
15627
15821
15477
14560
14095
13518
13514
12944
12466
12195
11830
11579
11272
10851
10367
10284
10228
10034
9494
9365
9175
9077
8668
8525
8285
8394
8118
7897
8058
7649
7709
7485
8279
7209
7204
6984
6998
6994
6828
6595
6404
6419
6623
6366
6293
6143
6242
6264
6107
5768
5713
5379
5344
5268
5184
5061
4967
4846
4818
4932
4710
4783
4510
4744
4744
4822
4606
4801
4850
4977
5043
4965
5055
5133
5244
5145
5096
5307
6161
5218
5131
5036
5045
4923
5021
4834
4919
4932
4941
4990
4923
4881
4986
4901
4904
4971
4746
5245
5205
4787
4982
4854
4878
4825
5252
5459
4884
4844
4831
4857
4859
4811
4661
4757
4858
4933
4709
4812
4973
4982
4911
4865
4804
4805
4811
4992
4767
4896
4838
4940
4998
4870
4814
4885
5001
4964
4910
5148
5030
4921
5033
4988
5038
5061
5204
5300
5202
5283
5275
5291
5140
5244
5452
5403
5222
5483
5402
5440
5462
5420
5592
5647
5970
5671
5689
5833
5739
5752
5891
5892
6025
6024
6146
6289
6263
6171
6277
6240
6328
6411
6430
6258
6250
6330
6366
6465
6616
6901
6501
6678
6787
6803
6913
6985
6873
6968
7182
7066
7113
7076
7156
6986
6755
6298
6040
5868
5474
5579
5497
5423
5363
5346
5459
5487
5357
5517
5476
5421
5548
5445
5546
5486
5392
5402
5280
5386
5215
5221
5190
5050
5185
5145
5060
5101
5069
5071
5159
5133
5032
5189
5130
4985
5054
5013
4940
4485
4380
3766
3468
3419
3229
3296
3186
3029
2974
2908
2855
2950
3574
6853
88022
87541
3602
2720
2069
1825
1782
1706
1560
1544
1451
1354
1223
1153
1102
1004
985
944
966
826
770
750
719
643
643
630
621
567
591
564
616
556
522
528
525
527
542
515
514
551
654
1351
3925
59635
96455
3031
1819
1052
241
137
125
134
134
112
116
130
182
134
122
126
101
100
107
131
112
148
118
95
95
98
111
91
101
101
96
101
117
110
144
855
4081
573
99
63
65
58
58
64
56
59
67
73
81
62
93
70
45
58
47
58
70
62
75
79
60
61
55
51
54
43
49
39
54
53
62
81
98
103
54
56
50
34
60
52
72
58
43
61
54
42
51
42
43
33
54
62
29
39
50
49
46
50
43
37
43
44
34
40
43
32
37
36
36
60
74
33
48
43
34
38
49
45
81
313
115
44
35
26
40
35
36
34
37
33
30
39
42
29
24
41
38
41
31
46
33
42
72
42
44
35
33
25
30
40
39
35
34
31
40
33
37
30
28
26
24
23
26
23
30
25
37
28
28
31
29
23
25
30
32
36
29
31
40
36
47
37
31
31
29
33
27
29
38
37
25
27
37
22
22
33
26
22
17
18
29
39
17
22
19
20
23
25
30
30
29
33
25
55
69
43
28
32
42
34
23
33
28
30
24
31
22
24
26
35
31
28
29
40
22
21
30
29
22
18
41
111
64
31
27
27
30
34
31
29
25
23
37
22
25
25
36
23
25
35
26
23
24
36
27
40
41
17
27
30
27
23
33
30
18
37
23
34
10
33
27
27
20
28
16
29
24
18
25
26
22
19
16
15
21
15
23
12
18
12
17
13
16
22
6
16
18
12
22
22
11
12
18
10
8
10
6
12
8
12
5
12
9
8
43
104
17
10
7
8
7
3
5
5
6
4
1
2
5
3
6
7
3
3
4
10
3
2
4
8
5
5
7
7
54
428
277
11
3
1
0
2
0
3
1
1
3
0
2
2
1
1
0
2
1
0
1
2
1
1
0
2
2
0
1
0
1
3
2
0
2
2
1
3
1
2
2
0
1
0
1
1
1
0
2
2
3
2
3
1
0
1
0
0
2
1
0
0
1
1
4
1
2
0
3
2
2
0
0
1
2
0
2
1
0
0
2
3
1
1
1
2
1
1
1
2
0
0
0
2
0
1
0
1
1
1
0
0
1
2
0
2
1
1
0
1
1
0
1
1
1
1
0
0
1
0
1
1
0
0
0
1
2
1
0
0
0
3
1
2
0
1
1
1
2
0
0
1
0
0
2
2
1
1
2
1
1
0
0
0
2
0
0
1
1
1
1
0
0
1
0
1
0
0
0
0
2
0
1
2
1
1
1
0
0
2
1
0
2
1
1
0
2
4
1
0
0
0
1
2
1
0
0
3
0
0
1
1
0
3
3
1
1
1
1
0
1
1
1
0
2
1
1
0
0
0
1
1
3
0
0
2
1
0
0
1
2
2
0
0
0
1
3
0
1
0
0
0
0
0
0
3
1
1
0
0
1
0
1
0
1
0
2
1
1
0
1
1
0
2
0
0
0
0
0
1
1
2
2
0
0
1
0
1
1
0
1
1
0
3
0
0
0
0
0
0
3
0
0
0
2
0
1
2
0
2
0
1
0
2
2
1
1
1
0
0
0
0
0
0
0
1
1
1
0
0
1
1
1
3
2
0
1
0
2
0
0
0
2
1
1
0
0
1
0
0
0
0
0
0
0
0
2
0
1
1
0
0
0
1
0
0
0
1
0
1
1
0
0
2
2
1
0
1
2
0
2
0
0
0
0
0
0
1
0
0
1
0
2
1
1
1
0
2
3
1
0
2
0
2
1
2
1
2
0
1
0
2
1
0
0
2
0
2
0
2
0
2
0
0
1
1
0
0
1
0
0
1
1
1
0
2
1
2
0
0
1
1
1
1
0
0
0
0
1
0
0
0
0
1
0
1
0
0
0
0
1
1
0
1
1
0
1
0
0
0
0
1
0
1
1
0
0
0
0
1
0
1
1
0
0
1
0
0
0
0
3
1
0
0
0
1
1
0
0
1
1
0
3
1
0
1
1
0
0
0
1
2
1
1
0
2
0
2
1
0
0
1
2
0
2
0
0
1
2
0
0
1
2
0
1
1
0
0
1
1
0
0
0
0
0
0
1
2
0
1
1
0
1
0
0
0
0
0
0
0
1
0
0
0
0
1
1
1
0
1
1
1
1
1
1
0
2
0
0
1
2
0
0
0
0
2
0
0
3
0
0
0
1
0
0
0
1
0
2
0
0
0
1
1
0
0
2
1
0
0
0
2
0
0
0
0
0
0
1
0
1
1
0
0
1
1
0
0
1
0
1
0
1
0
0
0
2
0
0
0
0
0
0
0
1
0
1
0
1
2
2
0
0
1
0
0
0
0
0
0
0
1
2
0
0
2
0
0
1
1
0
1
0
0
1
1
3
0
0
1
0
0
0
2
1
0
0
0
2
1
0
0
2
0
0
0
2
1
1
0
1
0
1
1
0
0
0
1
0
1
0
0
0
0
2
1
0
1
0
0
1
0
2
1
1
1
0
0
0
0
3
1
0
0
0
0
1
0
0
0
0
1
0
0
1
0
1
0
0
0
0
0
0
0
0
1
1
1
0
0
0
0
1
0
0
1
1
0
0
0
0
1
1
3
1
1
0
1
0
0
0
1
0
2
0
0
0
0
0
1
0
0
0
0
1
0
2
0
1
2
0
1
2
1
0
2
0
1
0
0
0
1
0
0
1
0
0
0
2
0
1
1
0
0
0
0
0
1
0
0
0
1
2
0
0
0
0
0
1
0
2
1
0
0
0
0
1
0
0
0
0
0
0
1
1
1
1
3
0
1
0
0
0
0
1
1
0
0
0
1
0
1
1
0
0
0
1
0
0
0
0
0
1
1
0
1
0
4
0
1
1
1
2
0
0
3
0
1
0
0
1
1
1
0
0
0
0
0
2
0
0
0
0
0
1
0
0
1
2
0
0
1
0
0
0
1
0
0
0
1
2
1
0
1
1
0
0
1
1
0
1
0
0
1
0
1
0
0
0
0
0
0
0
0
0
1
0
0
0
0
1
1
0
0
1
1
0
0
1
0
0
0
1
0
0
1
0
0
0
1
0
1
1
0
1
0
1
0
0
0
1
2
1
1
0
0
1
0
1
1
0
1
0
0
1
1
0
0
0
0
0
1
0
0
0
0
1
0
0
1
0
1
1
0
0
1
0
0
0
0
0
0
0
1
0
0
0
0
1
0
0
0
1
0
1
1
1
0
0
1
1
0
0
0
0
1
2
1
0
0
0
0
0
2
0
0
0
1
1
0
2
0
0
0
0
1
0
1
1
0
0
0
0
0
0
0
0
0
0
1
1
1
0
0
1
0
0
0
0
0
0
1
2
1
0
1
0
0
0
0
0
1
0
0
0
0
0
0
0
1
0
2
0
0
2
0
0
0
1
0
1
0
0
1
1
0
0
0
0
0
0
1
0
0
1
1
1
0
0
0
0
1
0
0
0
1
2
0
0
0
0
1
0
1
0
0
0
0
0
0
0
0
0
0
1
0
1
2
2
0
1
1
1
1
0
1
1
0
0
0
0
0
1
0
0
0
0
1
1
0
0
1
1
1
1
1
2
0
0
0
0
0
0
0
1
1
0
1
0
1
0
0
0
1
1
0
0
0
2
0
1
1
0
0
0
1
0
0
0
0
0
0
0
0
0
0
0
0
1
0
0
1
0
1
1
0
2
0
0
0
1
1
0
0
1
0
0
0
1
1
1
1
0
0
0
1
0
0
0
0
0
0
2
0
0
0
0
0
0
0
1
0
1
0
0
1
0
1
2
2
0
0
0
1
0
0
0
0
0
1
0
1
0
0
0
1
0
0
0
0
1
0
0
0
0
0
0
1
1
0
1
1
0
1
0
1
0
0
0
0
0
0
1
0
0
1
0
0
0
0
0
2
1
2
0
0
0
0
1
0
0
0
0
0
1
0
0
0
0
0
1
0
1
0
1
1
0
0
2
0
2
0
0
0
0
0
0
0
1
0
0
0
1
0
0
0
2
0
0
1
1
0
1
0
1
0
0
0
0
0
0
0
0
0
1
0
0
0
0
1
1
0
1
0
1
0
0
0
0
0
0
1
0
0
0
0
0
0
0
0
0
0
0
0
0
0
0
0
1
0
1
0
1
1
0
0
0
0
0
0
0
0
0
0
0
1
0
0
0
0
0
0
0
0
2
0
0
0
0
0
0
0
1
0
0
0
0
0
0
0
1
1
0
0
1
0
0
1
0
0
0
1
1
0
0
0
0
0
1
1
1
1
1
0
1
0
0
0
0
0
1
0
0
0
0
1
1
1
0
0
0
1
0
0
0
1
0
0
1
0
0
0
0
0
0
0
1
0
0
0
0
0
1
0
0
1
0
1
0
0
0
0
0
1
0
0
0
0
0
0
0
0
0
1
1
0
0
1
0
1
0
0
0
0
0
0
1
1
0
0
0
0
0
0
0
1
0
0
1
0
1
0
0
0
0
0
1
1
0
0
0
0
1
1
1
0
0
2
0
0
0
1
1
0
0
0
0
0
1
0
0
1
0
0
0
1
1
0
0
0
0
0
1
0
1
0
0
1
1
0
0
0
0
0
0
0
0
1
0
0
0
1
1
0
1
1
0
0
0
0
0
0
0
0
0
0
0
0
1
0
1
0
0
0
1
1
1
0
1
0
0
0
0
0
0
0
0
0
1
0
1
0
0
0
0
2
0
0
1
0
0
0
0
1
1
1
1
0
2
0
0
0
0
0
1
0
0
0
0
0
0
0
0
0
0
0
0
0
0
0
1
0
0
0
0
0
0
0
0
0
0
0
0
0
0
0
1
1
0
1
0
1
1
0
0
0
0
1
0
0
0
0
1
0
0
0
1
0
0
1
0
1
0
1
0
0
1
1
1
2
0
1
0
0
0
1
1
0
0
0
1
1
0
0
1
0
0
0
0
0
1
0
0
0
1
1
0
0
0
0
0
1
0
0
0
0
1
0
0
0
0
0
0
0
1
0
2
0
0
0
0
2
1
0
0
0
0
1
0
0
1
0
1
1
2
1
0
0
0
0
0
0
0
0
0
0
1
0
1
0
1
0
0
0
0
0
0
1
0
0
1
0
1
0
1
0
0
0
0
0
0
1
2
1
0
0
0
0
0
1
0
0
0
0
0
0
0
0
0
0
0
0
0
0
0
0
0
0
0
0
1
0
0
0
0
1
0
0
0
0
0
1
0
0
1
0
0
0
1
1
1
1
1
0
0
1
0
0
1
0
0
0
1
0
0
0
0
0
1
0
0
0
1
1
1
0
0
0
0
0
0
0
0
0
1
0
0
0
0
1
0
1
0
0
0
0
0
0
1
0
0
0
0
0
1
0
0
0
0
0
0
0
0
2
0
0
1
0
2
1
0
1
0
0
0
0
0
0
0
0
0
1
0
0
2
0
0
0
0
1
0
0
1
0
0
0
1
0
0
2
0
0
0
0
0
0
0
0
0
0
0
0
0
0
0
0
0
0
0
0
0
0
0
0
0
0
0
0
0
0
0
1
1
0
0
0
0
0
0
0
1
1
0
0
0
0
1
0
0
1
1
0
0
0
1
1
0
2
0
1
0
0
0
0
0
0
0
0
1
0
0
0
0
1
0
0
0
2
1
1
1
0
0
1
1
2
0
0
0
0
0
0
0
0
0
0
0
0
0
0
2
1
0
0
0
0
1
0
1
0
0
0
0
1
0
0
0
0
1
0
0
0
0
0
0
0
1
1
1
1
1
0
0
0
0
0
1
1
0
0
0
1
0
0
0
0
0
0
0
0
0
0
0
0
0
0
0
0
1
0
0
0
0
1
2
1
0
0
0
1
1
1
0
0
0
0
0
0
1
0
0
0
0
0
0
0
0
1
0
0
0
1
0
1
0
0
0
0
0
1
0
1
0
0
0
0
0
0
1
0
0
0
1
0
1
0
0
1
0
0
1
0
0
0
0
0
0
0
2
0
0
0
0
0
0
0
0
0
1
1
0
0
0
1
2
0
0
1
0
0
1
0
1
0
0
0
0
1
1
0
0
0
0
0
1
0
0
0
0
0
0
0
1
0
0
0
0
1
0
1
0
1
0
1
0
1
0
0
0
1
1
0
0
1
0
2
0
0
0
0
0
0
0
0
0
0
0
0
1
1
0
0
0
1
1
2
0
0
1
1
2
1
0
0
0
1
0
0
0
0
1
0
0
0
1
0
0
0
0
2
0
0
0
1
0
0
1
0
0
1
0
2
0
0
0
1
1
1
0
0
0
1
0
0
0
1
0
2
0
0
0
1
0
0
0
0
0
0
1
1
0
0
0
0
1
0
0
1
0
0
0
0
0
0
0
0
0
1
0
0
0
0
0
1
0
0
1
0
0
0
0
1
0
2
1
0
0
0
0
0
1
0
1
0
0
0
0
0
1
0
0
0
0
0
0
1
0
0
1
0
0
0
1
0
0
1
0
0
0
0
0
0
0
0
0
0
0
0
1
1
0
0
0
0
0
0
0
0
1
0
1
0
0
0
0
0
0
0
0
0
0
0
0
1
0
0
1
0
1
1
0
0
1
0
1
0
1
0
1
0
0
0
0
0
0
0
0
0
2
0
0
1
1
0
1
1
0
0
0
1
0
0
0
0
1
1
0
0
0
1
0
0
0
0
1
0
1
0
1
0
1
1
1
1
0
0
0
2
0
1
0
1
0
0
0
0
0
1
0
0
0
0
0
1
0
1
0
0
0
0
0
0
0
1
2
0
0
1
0
0
0
0
0
0
0
0
1
2
1
1
0
0
0
0
0
0
0
0
1
0
1
0
0
0
1
0
0
1
0
0
1
0
1
1
0
0
0
0
0
0
1
0
0
0
0
0
0
0
0
0
1
0
1
0
0
0
0
0
0
0
0
0
1
0
0
0
0
0
1
0
0
0
0
0
1
0
0
0
0
2
0
0
0
0
0
0
1
0
0
0
0
3
0
0
1
1
0
0
0
0
0
1
0
0
1
1
0
0
2
0
0
0
0
1
0
0
0
0
0
1
0
0
0
0
0
0
1
0
2
0
1
1
0
1
0
0
0
1
0
0
1
0
0
0
0
1
0
0
0
0
0
0
0
0
0
0
0
0
0
0
0
1
0
1
0
0
0
0
0
0
1
0
0
1
1
0
0
0
0
1
0
0
2
0
0
0
0
0
0
0
0
1
0
0
0
0
1
0
1
0
1
1
0
0
1
1
1
1
0
0
2
0
0
0
0
0
0
0
0
0
0
0
0
0
0
0
0
0
1
2
0
1
0
0
0
0
0
0
0
0
1
0
0
0
1
0
0
0
0
0
0
0
1
0
0
1
1
0
0
0
0
0
0
0
0
0
0
2
0
0
1
0
0
0
1
0
0
1
0
0
0
0
0
0
0
0
0
1
0
0
1
1
0
0
0
1
0
0
0
0
0
0
0
0
0
0
1
0
0
0
0
0
0
0
1
0
0
1
0
0
1
0
0
0
1
0
0
0
0
0
0
0
1
0
0
0
0
2
1
0
1
0
0
1
0
0
0
0
0
1
0
1
1
0
0
0
0
2
0
0
0
1
0
1
0
1
0
0
0
0
0
0
0
0
0
0
0
0
0
0
0
0
0
0
0
0
1
1
0
0
0
0
0
0
0
0
1
1
0
0
0
1
1
0
0
0
1
0
0
0
0
0
1
1
0
1
0
0
0
0
0
0
0
0
0
0
0
0
1
0
1
0
0
0
0
0
0
0
0
0
1
0
0
0
0
0
0
2
1
0
0
0
0
0
0
0
0
0
0
0
0
0
0
1
0
1
1
0
0
0
1
0
0
0
0
0
0
0
0
1
0
0
0
0
0
0
1
1
1
0
1
2
2
0
0
0
0
0
2
0
0
0
0
0
0
0
2
0
0
0
0
0
1
2
0
0
1
0
0
0
0
0
0
0
0
1
0
1
1
0
0
0
1
0
0
0
0
0
0
0
0
0
0
0
0
0
0
0
1
0
0
0
1
0
0
0
0
0
0
1
0
0
0
0
0
0
0
0
1
0
0
0
0
0
1
1
1
0
0
0
1
0
0
1
0
0
0
0
1
0
0
0
1
0
0
0
0
0
0
0
0
0
0
0
1
0
1
0
0
0
0
0
0
0
0
0
0
0
0
0
0
0
1
0
0
0
0
0
0
0
0
0
0
0
0
0
0
0
1
1
0
0
0
1
3
0
0
0
1
0
0
0
0
0
0
0
1
0
0
0
0
0
0
0
0
1
0
2
0
0
0
0
0
1
0
0
0
0
0
0
0
0
0
0
0
1
0
0
1
0
0
0
0
0
0
1
0
0
0
0
2
1
0
0
1
0
1
2
0
1
0
0
0
0
0
0
0
0
0
1
2
0
0
1
0
0
0
0
0
0
1
0
0
0
0
0
0
0
0
0
0
0
0
0
0
0
0
0
0
1
0
1
0
0
0
1
0
0
1
0
1
0
0
0
0
0
1
0
0
1
0
0
0
0
0
0
0
0
1
0
0
0
0
0
0
0
1
0
0
0
0
0
1
1
1
0
0
0
0
0
0
0
0
0
0
0
1
0
0
0
0
0
1
0
0
0
0
0
0
0
0
0
1
0
0
0
0
1
1
0
0
2
1
0
0
2
0
0
1
0
0
0
0
0
1
0
1
0
0
0
0
0
1
0
0
0
0
0
0
0
0
0
0
0
1
0
1
0
0
0
0
0
0
0
1
0
0
0
0
0
0
0
0
0
1
0
0
0
0
0
0
0
0
0
1
0
0
2
1
0
0
0
0
0
1
0
0
0
0
0
1
0
0
0
2
1
0
2
0
0
1
0
0
0
0
0
1
0
0
0
1
1
0
0
1
0
0
0
1
0
0
0
1
0
0
0
0
0
0
0
0
0
0
0
0
1
0
0
1
0
0
0
0
0
2
0
0
0
0
0
0
0
0
0
1
0
0
0
0
1
0
0
0
0
1
0
0
0
0
0
0
1
0
0
0
1
0
0
1
1
0
1
1
0
0
0
0
0
1
0
0
1
1
0
0
0
2
0
0
0
0
0
0
0
0
0
0
0
2
0
0
0
0
0
0
0
0
1
1
0
1
1
0
0
0
0
0
0
1
0
1
0
0
0
0
1
0
0
0
0
0
0
0
0
0
0
1
0
0
0
0
0
0
0
0
0
1
1
0
0
0
0
0
1
0
1
0
1
0
0
0
0
0
0
0
0
0
0
0
0
1
0
0
0
0
0
0
0
0
0
0
0
0
0
0
0
1
0
0
0
0
0
0
0
0
1
0
0
0
1
0
1
0
0
0
0
2
1
0
0
1
0
1
0
0
0
1
0
0
0
0
0
1
0
1
0
0
0
1
0
0
0
0
0
1
0
0
0
1
0
1
0
0
0
0
1
1
0
0
0
0
0
0
1
0
0
0
0
0
0
0
0
1
0
0
0
0
0
1
0
0
0
0
0
0
0
0
0
0
0
0
0
1
1
0
1
1
0
1
1
0
0
0
0
0
1
0
1
0
0
1
0
0
0
0
0
0
0
0
0
0
0
1
0
0
0
0
1
0
0
0
0
0
0
1
0
0
1
0
0
1
0
0
0
0
1
0
0
1
0
0
0
0
1
0
0
0
0
0
0
0
0
0
0
0
1
0
0
0
0
0
0
0
0
0
0
0
0
1
0
0
0
1
0
0
0
0
0
0
0
0
0
0
0
0
0
0
0
0
0
1
1
0
0
0
0
0
0
0
0
0
0
0
1
0
1
0
1
1
0
0
0
0
0
0
0
0
1
1
0
0
0
0
0
0
0
0
0
0
2
0
0
0
0
1
1
1
0
0
0
1
0
0
0
0
0
0
0
0
0
0
0
0
0
0
0
0
0
0
0
0
0
0
0
0
1
0
0
0
1
0
0
0
0
0
0
0
1
0
0
2
0
0
0
0
0
0
0
1
0
1
0
0
0
0
0
1
0
0
0
0
1
0
0
0
1
0
0
0
0
0
0
1
0
0
0
0
0
1
0
1
0
0
1
0
0
0
1
0
1
0
0
0
0
1
0
0
0
1
0
0
0
0
0
0
0
0
0
0
0
0
0
0
0
0
0
1
0
1
0
0
0
0
1
0
0
0
1
1
1
0
0
0
0
0
0
0
0
0
0
0
0
0
1
0
0
0
0
0
0
1
0
0
1
0
0
0
0
0
0
0
0
1
0
0
1
0
0
0
0
0
0
0
1
0
1
0
0
1
0
0
1
0
0
0
0
0
0
0
0
0
0
0
1
0
0
1
0
0
0
1
0
0
0
0
2
0
0
0
0
1
0
0
0
0
0
0
0
0
1
0
0
0
0
0
0
0
0
1
1
0
0
0
0
1
0
0
1
0
0
0
1
0
0
0
1
0
0
0
0
0
0
0
1
1
0
1
0
0
0
0
0
0
0
0
0
0
0
0
0
0
1
0
1
0
0
1
0
0
0
0
0
0
0
0
1
0
0
0
1
1
0
0
0
0
1
1
0
0
0
0
1
0
0
0
0
0
0
0
0
0
1
0
0
1
0
1
0
0
0
0
0
0
1
0
0
1
0
0
0
0
0
0
0
0
0
0
0
0
0
0
0
0
0
0
1
0
0
0
0
0
1
0
1
0
0
0
0
1
0
1
0
0
0
1
0
0
0
1
1
0
0
0
0
0
0
0
0
0
0
1
0
0
0
0
0
0
0
0
0
0
0
0
0
0
0
0
0
0
1
1
1
1
0
1
0
0
0
0
1
0
0
0
0
0
0
1
0
0
0
0
1
0
0
0
0
0
0
0
0
0
0
0
0
0
0
0
0
0
0
0
1
0
1
0
0
1
0
0
0
0
0
0
0
0
0
0
0
1
0
1
1
1
0
1
0
0
0
0
0
0
0
1
0
0
0
0
1
0
0
0
0
0
1
0
0
1
1
0
0
0
0
0
0
1
0
1
1
1
1
0
0
0
1
0
0
0
0
2
0
0
1
0
0
0
0
1
1
0
1
0
0
0
1
1
0
0
0
0
1
0
1
0
0
2
0
1
0
0
2
0
1
0
0
1
1
0
0
0
0
0
0
0
0
0
0
0
0
0
0
0
0
0
0
0
0
0
0
0
0
1
0
0
1
1
1
0
0
0
0
1
0
0
0
0
0
0
0
0
0
0
2
0
0
0
1
0
0
0
0
0
0
0
1
0
1
0
0
0
0
0
0
1
0
0
1
0
0
0
0
1
0
0
1
0
0
1
0
1
0
0
0
0
0
0
0
0
0
0
0
0
0
0
0
1
0
0
1
0
0
0
1
0
1
0
0
0
0
0
0
0
0
0
1
0
0
0
0
0
0
0
0
0
1
1
1
0
0
0
0
0
1
0
0
0
0
0
0
0
0
0
0
0
0
0
0
1
0
0
1
0
0
0
0
0
0
1
0
0
0
0
0
1
0
0
0
0
1
0
0
0
0
0
0
0
0
1
0
0
0
1
0
0
1
0
0
1
0
0
0
0
0
1
0
0
0
1
0
0
0
0
0
0
1
0
0
0
0
1
0
0
0
0
0
0
0
0
1
1
0
0
0
0
0
0
0
1
0
0
0
1
0
0
0
1
0
0
0
0
0
0
1
0
0
0
1
0
0
2
0
0
1
0
1
0
1
0
0
0
0
0
0
0
0
0
0
0
0
1
0
1
1
0
0
0
0
1
1
0
0
0
0
0
0
2
1
0
0
0
0
0
0
1
0
0
0
0
0
0
0
0
0
0
0
0
1
0
0
0
0
0
0
0
0
0
0
1
0
0
0
0
0
0
1
0
0
1
0
0
0
0
0
0
0
0
0
1
0
2
0
0
2
0
0
0
0
2
1
0
0
0
1
0
0
0
0
1
0
0
1
0
0
0
0
0
0
0
1
0
0
0
0
0
0
1
0
0
0
1
0
0
0
1
0
1
0
1
0
2
0
0
0
0
0
0
0
0
1
0
0
0
0
0
1
0
0
0
1
1
1
0
0
1
0
0
0
0
1
0
0
0
0
1
0
1
0
0
0
1
1
0
1
1
0
1
0
0
1
0
2
0
0
0
0
1
0
1
0
0
0
1
1
0
0
0
2
0
0
0
0
0
1
0
0
2
1
0
1
0
0
0
0
0
1
0
0
1
0
0
0
0
0
0
0
1
2
0
0
0
0
0
0
1
0
1
0
0
1
1
0
0
0
2
0
0
0
1
0
0
2
0
0
1
0
1
0
0
3
0
0
1
0
2
0
1
0
1
0
1
0
1
0
1
1
1
0
1
0
0
1
0
0
0
1
0
0
1
0
0
0
1
1
1
3
0
1
1
0
1
2
0
1
0
0
2
1
0
1
0
0
1
1
0
1
5
2
1
0
2
1
0
1
2
0
0
0
2
1
0
2
0
0
0
1
0
1
2
0
0
1
0
1
0
2
0
0
0
0
1
0
0
3
0
0
0
0
0
1
1
1
0
0
1
0
0
2
2
1
0
2
0
2
1
1
0
2
0
0
1
2
0
0
0
0
0
0
1
1
1
1
1
2
0
0
0
0
0
0
1
0
1
0
1
2
1
1
1
0
1
1
1
0
1
0
1
0
0
0
0
0
0
2
0
0
0
1
0
0
1
0
1
0
0
0
1
0
0
0
2
0
0
3
1
2
0
0
0
2
2
1
1
0
1
0
1
0
0
1
0
2
0
1
0
0
0
2
0
2
0
0
1
0
2
0
0
0
0
1
1
0
0
0
0
0
1
0
0
1
1
0
0
1
0
0
0
0
0
0
1
0
2
1
0
1
0
2
1
1
1
0
2
1
2
1
0
0
0
0
0
0
2
2
1
0
2
1
1
0
0
0
0
0
0
1
0
1
1
1
1
0
0
0
0
1
0
0
2
1
0
1
1
0
0
1
2
0
0
2
0
1
0
0
1
2
1
0
0
1
0
0
1
1
0
1
3
0
0
0
1
1
0
0
0
1
0
0
0
1
0
0
2
0
0
0
0
0
0
2
1
0
0
0
3
2
0
0
0
1
1
1
1
0
0
0
1
1
1
0
0
0
0
0
0
0
0
1
2
0
0
0
3
2
0
0
0
0
1
0
0
0
0
0
0
2
0
0
0
0
1
0
1
0
1
1
1
0
0
1
1
1
3
0
0
0
0
2
1
0
0
1
0
0
1
1
2
0
0
0
0
1
1
0
0
0
2
1
0
1
0
0
0
0
1
2
0
1
0
0
0
1
0
0
0
1
0
0
0
0
0
0
0
1
0
1
0
1
0
0
0
2
0
1
1
0
0
0
0
0
0
0
0
1
0
0
0
1
1
1
1
1
1
0
1
0
0
0
1
0
0
0
1
1
2
0
0
0
2
1
0
0
3
2
0
1
1
1
1
0
1
0
2
0
1
0
1
1
1
0
0
2
1
2
0
1
1
1
0
0
1
0
3
2
1
2
0
0
0
0
0
1
0
1
1
0
0
2
2
1
0
0
1
1
0
1
0
0
0
1
0
1
1
2
0
2
0
0
3
0
1
4
1
1
0
0
0
1
2
0
0
1
0
1
0
1
0
2
1
0
1
3
1
0
1
0
1
0
0
0
0
2
0
1
1
1
0
1
0
0
0
0
2
1
0
0
0
1
0
2
1
2
2
1
0
1
0
1
0
0
0
1
1
0
1
1
1
1
1
1
1
1
1
0
0
0
0
0
0
2
0
4
1
0
0
0
0
0
0
1
0
0
0
0
2
0
0
0
0
1
2
0
2
1
1
0
0
1
0
0
0
0
1
4
1
1
2
1
1
1
0
1
1
0
0
1
1
0
0
1
0
0
1
0
0
0
1
0
0
2
0
0
0
0
0
2
0
0
0
1
0
0
1
0
0
3
0
1
0
1
1
1
0
2
0
0
1
1
1
1
0
1
0
1
2
0
2
1
1
0
0
1
2
1
1
0
2
1
1
0
0
0
0
0
1
2
1
1
1
1
0
0
0
0
0
1
3
0
0
1
0
0
0
1
1
1
0
0
1
1
2
0
1
0
1
0
0
0
0
1
1
1
0
0
2
1
0
2
2
1
0
0
0
2
0
1
0
0
1
1
1
0
0
1
1
0
0
1
0
0
1
0
1
0
0
1
0
0
1
1
0
0
1
0
3
2
0
0
1
2
1
0
1
0
3
0
2
3
0
0
1
2
2
1
0
1
0
0
0
1
1
0
1
1
0
0
1
0
2
0
0
0
0
0
1
0
1
1
1
0
1
0
0
1
1
0
1
1
0
0
1
2
2
0
2
0
3
0
3
0
0
0
0
0
1
0
0
0
1
0
1
0
1
2
0
1
2
2
1
0
0
0
3
0
0
1
0
1
1
0
1
0
1
2
1
1
1
0
0
0
1
1
0
1
1
1
0
1
0
1
1
2
0
0
0
0
1
1
0
3
0
0
0
0
1
0
0
1
1
0
0
1
0
0
2
0
0
0
1
1
0
0
3
1
2
1
0
0
3
1
0
0
1
0
0
0
0
1
0
2
0
0
1
1
0
1
0
2
0
0
1
1
2
0
0
1
2
2
0
0
1
3
1
1
1
1
3
0
1
0
0
1
0
0
1
1
0
2
1
1
1
1
1
2
0
0
0
2
0
3
1
1
1
0
0
0
1
1
0
0
0
0
1
2
0
0
0
0
1
0
1
0
1
0
1
1
0
2
1
1
0
0
3
0
0
1
0
1
1
2
0
0
1
0
1
1
0
1
0
1
1
2
0
0
1
1
1
0
0
1
2
0
0
0
1
1
0
0
1
0
2
0
2
0
2
0
1
1
2
1
2
0
0
0
3
1
3
1
0
1
1
1
1
0
0
0
0
1
1
2
0
0
1
0
2
2
2
2
2
0
0
1
1
0
0
1
0
1
1
1
1
0
0
5
0
0
1
0
0
0
0
1
1
1
0
3
0
2
1
0
1
2
1
0
0
2
1
4
0
0
3
1
0
1
1
1
3
0
0
0
1
0
1
2
1
0
0
2
4
0
1
0
1
0
1
2
1
0
1
0
3
2
0
0
2
1
1
1
1
1
1
1
1
2
1
1
0
3
2
1
1
2
0
1
3
0
1
1
0
0
1
1
3
0
1
2
1
0
1
4
2
1
1
0
0
0
3
0
3
0
3
2
0
0
0
0
0
1
1
1
1
0
1
2
0
1
1
1
0
0
2
0
0
0
0
2
1
1
0
0
1
2
0
2
2
2
1
2
3
3
3
1
1
2
0
3
1
0
2
1
0
0
0
0
0
1
0
0
3
3
1
0
0
1
1
1
0
2
1
0
0
1
1
0
2
2
1
1
3
1
1
0
1
0
3
0
1
0
0
2
0
2
1
2
1
0
0
2
0
0
1
1
1
0
1
2
1
1
3
1
0
1
0
1
0
2
1
3
0
1
1
0
1
2
0
1
0
1
1
3
1
1
1
1
1
1
1
0
1
1
1
2
1
3
2
1
1
1
0
1
0
0
2
2
0
0
0
0
2
0
0
0
2
0
0
0
2
0
1
0
2
0
0
0
0
1
0
1
1
1
1
0
1
1
1
1
1
0
0
1
1
1
2
1
0
2
0
1
1
1
0
1
0
0
1
0
2
0
1
1
3
1
0
0
0
0
2
0
1
1
1
0
1
3
1
2
1
0
2
1
2
3
1
0
1
1
1
0
0
0
0
0
2
5
1
1
3
2
0
1
1
0
0
2
1
0
0
1
1
0
2
2
0
1
0
1
2
1
1
0
1
0
0
2
1
2
3
0
0
0
1
1
0
1
1
2
1
1
2
2
1
0
0
0
1
1
0
1
0
3
1
1
2
0
0
0
1
0
2
0
0
1
0
1
1
1
0
0
0
2
3
0
0
1
1
1
1
0
3
0
0
3
3
0
1
1
1
0
0
0
3
1
0
2
0
0
0
1
0
0
1
0
2
2
2
1
2
0
0
0
0
1
1
1
1
0
1
1
1
4
0
0
1
4
1
0
0
0
2
0
1
0
0
5
1
0
0
2
0
0
0
1
3
1
1
2
0
1
3
0
3
2
3
2
0
0
3
3
1
1
2
1
1
4
1
1
4
2
0
0
0
0
1
0
0
2
2
1
0
3
0
0
1
1
1
1
1
1
0
1
1
0
1
2
2
2
0
3
1
1
0
2
1
1
2
3
0
3
1
1
1
2
1
1
1
1
0
1
4
0
3
1
0
2
0
1
0
0
3
0
0
0
0
2
0
2
3
0
2
2
0
1
0
1
2
1
1
3
2
2
0
2
0
1
3
1
0
2
0
0
3
0
0
0
0
0
0
1
2
2
0
1
0
3
0
1
0
2
2
1
2
2
1
0
2
0
4
0
3
1
2
2
1
1
2
0
0
1
1
1
0
1
0
0
2
0
2
0
3
0
0
1
1
0
0
1
2
0
2
0
0
2
1
2
1
1
1
1
0
1
1
1
0
3
2
2
2
2
1
1
2
0
0
1
2
1
0
1
3
1
3
0
0
3
1
0
2
1
0
2
1
1
0
0
0
1
1
3
0
1
2
1
0
0
2
2
1
0
2
0
3
3
1
0
2
1
2
0
0
2
1
2
1
1
2
2
0
2
0
1
3
2
0
0
1
1
1
3
3
2
3
2
0
0
1
1
0
0
0
0
0
0
1
1
0
0
0
0
3
1
0
0
1
1
1
1
2
0
1
0
0
1
1
0
0
2
1
1
1
1
0
0
0
1
1
0
0
1
2
2
0
3
1
2
3
2
1
1
1
2
1
2
0
0
0
2
2
0
2
2
1
1
3
1
3
0
0
0
0
3
0
0
1
1
1
2
0
0
3
0
1
1
0
0
0
0
0
3
0
1
0
1
1
0
1
1
1
0
0
0
2
1
2
1
1
2
1
2
1
0
1
0
3
1
1
2
1
0
0
0
3
0
0
0
2
0
0
0
3
1
0
1
1
1
1
1
3
1
1
0
0
0
1
0
0
0
0
1
2
3
1
2
3
0
3
0
4
0
1
1
2
0
1
1
1
1
0
0
1
1
1
0
2
1
1
2
2
2
1
1
0
1
1
0
0
2
3
1
2
2
1
1
1
2
0
1
0
2
0
0
1
0
0
0
3
0
0
1
1
1
0
0
1
2
1
2
2
1
0
3
0
0
0
1
0
1
1
2
0
1
1
0
2
1
0
1
0
1
1
2
2
5
2
1
2
0
1
2
0
0
0
2
1
2
1
2
1
0
0
4
0
2
0
0
1
2
1
1
1
1
0
3
1
1
1
2
1
1
2
1
1
1
1
3
1
0
3
3
1
1
4
0
1
1
1
1
1
0
2
0
0
0
3
1
1
1
0
0
0
0
3
0
0
1
3
0
0
0
0
2
2
4
1
2
2
1
2
0
3
1
2
2
2
0
2
3
1
1
1
3
0
2
0
2
2
1
2
2
0
2
0
2
1
2
3
1
0
1
1
2
2
2
0
2
0
0
1
3
2
1
0
5
0
0
1
1
1
1
2
1
1
0
1
0
0
3
1
0
1
1
3
0
0
1
2
0
0
2
2
0
2
2
1
1
1
4
0
0
1
3
1
2
1
2
3
3
1
1
1
0
0
0
1
2
1
0
2
3
1
0
1
2
1
1
2
3
0
1
2
1
2
1
1
0
0
1
1
1
1
0
1
2
0
0
2
2
3
1
0
1
1
0
1
0
1
1
1
0
2
1
1
0
3
1
2
0
2
2
1
1
1
0
0
1
0
1
5
0
0
1
2
0
1
4
0
1
1
1
0
2
2
0
3
0
3
0
1
2
2
1
2
2
3
0
2
0
0
3
0
0
0
0
0
1
1
2
1
2
2
4
0
1
3
0
3
1
0
0
1
0
2
2
1
1
0
0
0
3
2
0
2
1
2
1
1
2
1
2
1
1
1
2
1
0
0
2
0
2
1
0
1
1
3
1
2
2
2
2
1
0
1
1
1
2
1
1
0
3
1
2
2
0
1
0
0
0
2
1
1
0
2
0
0
0
1
1
0
0
1
0
1
1
1
0
0
0
0
1
2
0
2
2
1
0
3
1
0
0
0
0
1
0
1
2
0
1
2
2
2
1
2
1
2
0
0
2
1
0
2
1
2
1
0
1
0
0
2
1
0
2
1
0
2
1
2
2
0
1
0
1
3
2
1
3
0
1
1
3
2
1
0
1
0
0
1
0
1
1
0
2
0
0
3
1
2
1
2
3
1
1
0
0
1
2
0
1
2
1
1
0
2
1
3
2
2
2
2
0
1
1
2
0
1
1
0
1
0
1
1
0
2
2
0
2
1
1
0
0
1
3
0
1
2
0
1
0
1
2
1
0
0
3
4
1
2
1
2
1
2
2
2
3
0
2
3
0
0
0
0
2
0
0
3
0
1
2
1
2
0
1
0
0
0
0
1
1
0
0
1
1
0
1
0
1
0
1
0
1
0
2
1
1
2
0
2
1
3
0
2
3
1
1
0
1
1
0
2
0
1
1
1
1
0
3
0
1
1
0
1
2
1
0
0
0
0
1
1
0
0
1
3
1
1
0
0
1
3
2
0
2
2
0
0
1
2
0
1
3
0
1
0
2
0
0
0
2
1
1
4
0
3
1
3
1
2
0
0
1
1
2
0
0
0
1
2
0
3
2
1
1
2
3
0
1
1
1
0
1
0
0
1
0
0
0
1
0
3
2
1
2
0
0
1
1
0
4
0
0
1
2
0
1
0
0
1
1
2
0
1
2
0
4
0
0
2
1
0
1
2
1
1
1
1
0
1
2
2
2
0
0
0
1
1
1
0
1
0
1
1
0
0
2
1
1
1
3
2
2
0
0
2
2
2
0
0
0
1
0
0
2
1
0
1
0
0
1
2
0
1
0
1
1
1
0
3
0
0
1
1
2
0
0
2
1
3
1
0
0
3
1
1
1
1
1
2
1
3
3
2
1
1
0
0
2
1
1
1
1
1
0
1
0
1
0
0
0
0
1
1
1
1
0
1
0
0
1
4
1
0
0
3
2
2
0
2
0
0
1
0
2
2
1
0
2
1
2
0
0
0
1
2
0
0
2
0
1
0
0
2
1
1
1
4
0
0
0
1
0
1
0
0
0
2
3
0
3
0
0
0
1
0
3
0
3
0
1
1
0
1
2
0
0
1
0
1
1
0
1
0
1
0
5
1
1
0
0
2
1
1
0
1
1
1
1
2
0
3
1
0
0
0
2
1
1
0
0
0
1
1
1
0
1
0
1
0
0
1
0
2
1
1
0
0
0
1
0
2
1
3
1
0
0
0
0
0
2
6
1
2
0
0
0
0
0
1
0
0
2
0
0
0
0
0
2
1
2
1
1
1
1
0
0
0
2
1
2
0
1
2
1
0
0
2
1
1
0
0
0
0
0
0
0
2
1
0
0
2
2
0
1
0
2
0
0
1
0
0
1
0
2
1
1
0
0
1
1
0
1
0
0
0
1
1
0
1
0
0
0
0
0
0
2
0
0
0
0
0
1
0
3
0
0
0
2
0
2
1
1
0
0
1
1
0
0
1
0
0
0
0
0
1
0
0
2
0
1
1
0
1
0
0
0
1
2
0
1
1
0
1
0
2
1
2
1
0
1
0
1
1
2
0
0
0
0
1
0
0
0
1
1
1
2
1
1
0
0
0
2
0
0
1
0
1
1
0
4
0
0
1
1
1
0
0
0
1
2
0
0
3
0
0
0
0
0
0
0
2
0
1
1
0
2
3
1
0
2
3
0
0
3
1
2
2
1
0
2
3
1
1
1
2
5
2
1
1
0
1
0
1
0
2
1
2
0
1
1
2
1
0
2
1
3
0
2
1
4
0
0
1
0
2
1
1
1
2
1
2
1
1
1
1
0
1
0
2
4
0
2
0
2
1
0
0
2
3
0
3
1
1
1
2
1
3
2
4
6
5
4
7
4
6
6
3
3
3
2
0
4
4
0
0
0
0
0
1
1
0
1
0
1
0
0
0
0
0
0
0
0
0
0
0
0
0
0
0
0
0
0
0
0
1
0
0
0
0
0
0
0
0
0
0
0
0
0
0
0
0
0
0
0
0
0
0
0
0
0
0
0
0
0
0
0
0
0
0
0
0
0
0
0
0
0
0
0
0
0
0
0
0
0
0
0
0
0
0
0
0
0
0
0
0
0
0
0
0
0
0
0
0
0
0
0
0
0
0
0
0
0
0
0
0
0
0
0
0
0
0
0
0
0
0
0
0
0
0
0
0
0
0
0
0
0
0
0
0
0
0
0
0
0
0
0
0
0
0
0
0
0
0
0
0
0
0
0
0
0
0
0
0
0
0
0
0
0
0
0
0
0
0
0
0
0
0
0
0
0
0
0
0
0
0
0
0
0
0
0
0
0
0
0
0
0
0
0
0
0
0
0
0
0
0
0
0
0
0
0
0
0
0
0
0
0
0
0
0
0
0
0
0
0
0
0
0
0
0
0
0
0
0
0
0
0
0
0
0
0
0
0
0
0
0
0
0
0
0
0
0
0
0
0
0
0
0
0
0
0
0
0
0
0
0
0
0
0
0
0
0
0
0
0
0
0
0
0
0
0
0
0
0
0
0
0
0
0
0
0
0
0
0
0
0
0
0
0
0
0
0
0
0
0
0
0
0
0
0
0
0
0
0
0
0
0
0
0
0
0
0
0
0
0
0
0
0
0
0
0
0
0
0
0
0
0
0
0
0
0
0
0
0
0
0
0
0
0
0
0
0
0
0
0
0
0
0
0
0
0
0
0
0
0
0
0
0
0
0
0
0
0
0
0
0
0
0
0
0
0
0
0
0
0
0
0
0
0
0
0
0
0
0
0
0
0
0
0
0
0
0
0
0
0
0
0
0
0
0
0
0
0
0
0
0
0
0
0
0
0
0
0
0
0
0
0
0
0
0
0
0
0
0
0
0
0
0
0
0
0
0
0
0
0
0
0
0
0
0
0
0
0
0
0
0
0
0
0
0
0
0
0
0
0
0
0
0
0
0
0
0
0
0
0
0
0
0
0
0
0
0
0
0
0
0
0
0
0
0
0
0
0
0
0
0
0
0
0
0
0
0
0
0
0
0
0
0
0
0
0
0
0
0
0
0
0
0
0
0
0
0
0
0
0
0
0
0
0
0
0
0
0
0
0
0
0
0
0
0
0
0
0
0
0
0
0
0
0
0
0
0
0
0
0
0
0
0
0
0
0
0
0
0
0
0
0
0
0
0
0
0
0
0
0
0
0
0
0
0
0
0
0
0
0
0
0
0
0
0
0
0
0
0
0
0
0
0
0
0
0
0
0
0
0
0
0
0
0
0
0
0
0
0
0
0
0
0
0
0
0
0
0
0
0
0
0
0
0
0
0
0
0
0
0
0
0
0
0
0
0
0
0
0
0
0
0
0
0
0
0
0
0
0
0
0
0
0
0
0
0
0
0
0
0
0
0
0
0
0
0
0
0
0
0
0
0
0
0
0
0
0
0
0
0
0
0
0
0
0
0
0
0
0
0
0
0
0
0
0
0
0
0
0
0
0
0
0
0
0
0
0
0
0
0
0
0
0
0
0
0
0
0
0
0
0
0
0
0
0
0
0
0
0
0
0
0
0
0
0
0
0
0
0
0
0
0
0
0
0
0
0
0
0
0
0
0
0
0
0
0
0
0
0
0
0
0
0
0
0
0
0
0
0
0
0
0
0
0
0
0
0
0
0
0
0
0
0
0
0
0
0
0
0
0
0
0
0
0
0
0
0
0
0
0
0
0
0
0
0
0
0
0
0
0
0
0
0
0
0
0
0
0
0
0
0
0
0
0
0
0
0
0
0
0
0
0
0
0
0
0
0
0
0
0
0
0
0
0
0
0
0
0
0
0
0
0
0
0
0
0
0
0
0
0
0
0
0
0
0
0
0
0
0
0
0
0
0
0
0
0
0
0
0
0
0
0
0
0
0
0
0
0
0
0
0
0
0
0
0
0
0
0
0
0
0
0
0
0
0
0
0
0
0
0
0
0
0
0
0
0
0
0
0
0
0
0
0
0
0
0
0
0
0
0
0
0
0
0
0
0
0
0
0
0
0
0
0
0
0
0
0
0
0
0
0
0
0
0
0
0
0
0
0
0
0
0
0
0
0
0
0
0
0
0
0
0
0
0
0
0
0
0
0
0
0
0
0
0
0
0
0
0
0
0
0
0
0
0
0
0
0
0
0
0
0
0
0
0
0
0
0
0
0
0
0
0
0
0
0
0
0
0
0
0
0
0
0
0
0
0
0
0
0
0
0
0
0
0
0
0
0
0
0
0
0
0
0
0
0
0
0
0
0
0
0
0
0
0
0
0
0
0
0
0
0
0
0
0
0
0
0
0
0
0
0
0
0
0
0
0
0
0
0
0
0
0
0
0
0
0
0
0
0
0
0
0
0
0
0
0
0
0
0
0
0
0
0
0
0
0
0
0
0
0
0
0
0
0
0
0
0
0
0
0
0
0
0
0
0
0
0
0
0
0
0
0
0
0
0
0
0
0
0
0
0
0
0
0
0
0
0
0
0
0
0
0
0
0
0
0
0
0
0
0
0
0
0
0
0
0
0
0
0
0
0
0
0
0
0
0
0
0
0
0
0
0
0
0
0
0
0
0
0
0
0
0
0
0
0
0
0
0
0
0
0
0
0
0
0
0
0
0
0
0
0
0
0
0
0
0
0
0
0
0
0
0
0
0
0
0
0
0
0
0
0
0
0
0
0
0
0
0
0
0
0
0
0
0
0
0
0
0
0
0
0
0
0
0
0
0
0
0
0
0
0
0
0
0
0
0
0
0
0
0
0
0
0
0
0
0
0
0
0
0
0
0
0
0
0
0
0
0
0
0
0
0
0
0
0
0
0
0
0
0
0
0
0
0
0
0
0
0
0
0
0
0
0
0
0
0
0
0
0
0
0
0
0
0
0
0
0
0
0
0
0
0
0
0
0
0
0
0
0
0
0
0
0
0
0
0
0
0
0
0
0
0
0
0
0
0
0
0
0
0
0
0
0
0
0
0
0
0
0
0
0
0
0
0
0
0
0
0
0
0
0
0
0
0
0
0
0
0
0
0
0
0
0
0
0
0
0
0
0
0
0
0
0
0
0
0
0
0
0
0
0
0
0
0
0
0
0
0
0
0
0
0
0
0
0
0
0
0
0
0
0
0
0
0
0
0
0
0
0
0
0
0
0
0
0
0
0
0
0
0
0
0
0
0
0
0
0
0
0
0
0
0
0
0
0
0
0
0
0
0
0
0
0
0
0
0
0
0
0
0
0
0
0
0
0
0
0
0
0
0
0
0
0
0
0
0
0
0
0
0
0
0
0
0
0
0
0
0
0
0
0
0
0
0
0
0
0
0
0
0
0
0
0
0
0
0
0
0
0
0
0
0
0
0
0
0
0
0
0
0
0
0
0
0
0
0
0
0
0
0
0
0
0
0
0
0
0
0
0
0
0
0
0
0
0
0
0
0
0
0
0
0
0
0
0
0
0
0
0
0
0
0
0
0
0
0
0
0
0
0
0
0
0
0
0
0
0
0
0
0
0
0
0
0
0
0
0
0
0
0
0
0
0
0
0
0
0
0
0
0
0
0
0
0
0
0
0
0
0
0
0
0
0
0
0
0
0
0
0
0
0
0
0
0
0
0
0
0
0
0
0
0
0
0
0
0
0
0
0
0
0
0
0
0
0
0
0
0
0
0
0
0
0
0
0
0
0
0
0
0
0
0
0
0
0
0
0
0
0
0
0
0
0
0
0
0
0
0
0
0
0
0
0
0
0
0
0
0
0
0
0
0
0
0
0
0
0
0
0
0
0
0
0
0
0
0
0
0
0
0
0
0
0
0
0
0
0
0
0
0
0
0
0
0
0
0
0
0
0
0
0
0
0
0
0
0
0
0
0
0
0
0
0
0
0
0
0
0
0
0
0
0
0
0
0
0
0
0
0
0
0
0
0
0
0
0
0
0
0
0
0
0
0
0
0
0
0
0
0
0
0
0
0
0
0
0
0
0
0
0
0
0
0
0
0
0
0
0
0
0
0
0
0
0
0
0
0
0
0
0
0
0
0
0
0
0
0
0
0
0
0
0
0
0
0
0
0
0
0
0
0
0
0
0
0
0
0
0
0
0
0
0
0
0
0
0
0
0
0
0
0
0
0
0
0
0
0
0
0
0
0
0
0
0
0
0
0
0
0
0
0
0
0
0
0
0
0
0
0
0
0
0
0
0
0
0
0
0
0
0
0
0
0
0
0
0
0
0
0
0
0
0
0
0
0
0
0
0
0
0
0
0
0
0
0
0
0
0
0
0
0
0
0
0
0
0
0
0
0
0
0
0
0
0
0
0
0
0
0
0
0
0
0
0
0
0
0
0
0
0
0
0
0
0
0
0
0
0
0
0
0
0
0
0
0
0
0
0
0
0
0
0
0
0
0
0
0
0
0
0
0
0
0
0
0
0
0
0
0
0
0
0
0
0
0
0
0
0
0
0
0
0
0
0
0
0
0
0
0
0
0
0
0
0
0
0
0
0
0
0
0
0
0
0
0
0
0
0
0
0
0
0
0
0
0
0
0
0
0
0
0
0
0
0
0
0
0
0
0
0
0
0
0
0
0
0
0
0
0
0
0
0
0
0
0
0
0
0
0
0
0
0
0
0
0
0
0
0
0
0
0
0
0
0
0
0
0
0
0
0
0
0
0
0
0
0
0
0
0
0
0
0
0
0
0
0
0
0
0
0
0
0
0
0
0
0
0
0
0
0
0
0
0
0
0
0
0
0
0
0
0
0
0
0
0
0
0
0
0
0
0
0
0
0
0
0
0
0
0
0
0
0
0
0
0
0
0
0
0
0
0
0
0
0
0
0
0
0
0
0
0
0
0
0
0
0
0
0
0
0
0
0
0
0
0
0
0
0
0
0
0
0
0
0
0
0
0
0
0
0
0
0
0
0
0
0
0
0
0
0
0
0
0
0
0
0
0
0
0
0
0
0
0
0
0
0
0
0
0
0
0
0
0
0
0
0
0
0
0
0
0
0
0
0
0
0
0
0
0
0
0
0
0
0
0
0
0
0
0
0
0
0
0
0
0
0
0
0
0
0
0
0
0
0
0
0
0
0
0
0
0
0
0
0
0
0
0
0
0
0
0
0
0
0
0
0
0
0
0
0
0
0
0
0
0
0
0
0
0
0
0
0
0
0
0
0
0
0
0
0
0
0
0
0
0
0
0
0
0
0
0
0
0
0
0
0
0
0
0
0
0
0
0
0
0
0
0
0
0
0
0
0
0
0
0
0
0
0
0
0
0
0
0
0
0
0
0
0
0
0
0
0
0
0
0
0
0
0
0
0
0
0
0
0
0
0
0
0
0
0
0
0
0
0
0
0
0
0
0
0
0
0
0
0
0
0
0
0
0
0
0
0
0
0
0
0
0
0
0
0
0
0
0
0
0
0
0
0
0
0
0
0
0
0
0
0
0
0
0
0
0
0
0
0
0
0
0
0
0
0
0
0
0
0
0
0
0
0
0
0
0
0
0
0
0
0
0
0
0
0
0
0
0
0
0
0
0
0
0
0
0
0
0
0
0
0
0
0
0
0
0
0
0
0
0
0
0
0
0
0
0
0
0
0
0
0
0
0
0
0
0
0
0
0
0
0
0
0
0
0
0
0
0
0
0
0
0
0
0
0
0
0
0
0
0
0
0
0
0
0
0
0
0
0
0
0
0
0
0
0
0
0
0
0
0
0
0
0
0
0
0
0
0
0
0
0
0
0
0
0
0
0
0
0
0
0
0
0
0
0
0
0
0
0
0
0
0
0
0
0
0
0
0
0
0
0
0
0
0
0
0
0
0
0
0
0
0
0
0
0
0
0
0
0
0
0
0
0
0
0
0
0
0
0
0
0
0
0
0
0
0
0
0
0
0
0
0
0
0
0
0
0
0
0
0
0
0
0
0
0
0
0
0
0
0
0
0
0
0
0
0
0
0
0
0
0
0
0
0
0
0
0
0
0
0
0
0
0
0
0
0
0
0
0
0
0
0
0
0
0
0
0
0
0
0
0
0
0
0
0
0
0
0
0
0
0
0
0
0
0
0
0
0
0
0
0
0
0
0
0
0
0
0
0
0
0
0
0
0
0
0
0
0
0
0
0
0
0
0
0
0
0
0
0
0
0
0
0
0
0
0
0
0
0
0
0
0
0
0
0
0
0
0
0
0
0
0
0
0
0
0
0
0
0
0
0
0
0
0
0
0
0
0
0
0
0
0
0
0
0
0
0
0
0
0
0
0
0
0
0
0
0
0
0
0
0
0
0
0
0
0
0
0
0
0
0
0
0
0
0
0
0
0
0
0
0
0
0
0
0
0
0
0
0
0
0
0
0
0
0
0
0
0
0
0
0
0
0
0
0
0
0
0
0
0
0
0
0
0
0
0
0
0
0
0
0
0
0
0
0
0
0
0
0
0
0
0
0
0
0
0
0
0
0
0
0
0
0
0
0
0
0
0
0
0
0
0
0
0
0
0
0
0
0
0
0
0
0
0
0
0
0
0
0
0
0
0
0
0
0
0
0
0
0
0
0
0
0
0
0
0
0
0
0
0
0
0
0
0
0
0
0
0
0
0
0
0
0
0
0
0
0
0
0
0
0
0
0
0
0
0
0
0
0
0
0
0
0
0
0
0
0
0
0
0
0
0
0
0
0
0
0
0
0
0
0
0
0
0
0
0
0
0
0
0
0
0
0
0
0
0
0
0
0
0
0
0
0
0
0
0
0
0
0
0
0
0
0
0
0
0
0
0
0
0
0
0
0
0
0
0
0
0
0
0
0
0
0
0
0
0
0
0
0
0
0
0
0
0
0
0
0
0
0
0
0
0
0
0
0
0
0
0
0
0
0
0
0
0
0
0
0
0
0
0
0
0
0
0
0
0
0
0
0
0
0
0
0
0
0
0
0
0
0
0
0
0
0
0
0
0
0
0
0
0
0
0
0
0
0
0
0
0
0
0
0
0
0
0
0
0
0
0
0
0
0
0
0
0
0
0
0
0
0
0
0
0
0
0
0
0
0
0
0
0
0
0
0
0
0
0
0
0
0
0
0
0
0
0
0
0
0
0
0
0
0
0
0
0
0
0
0
0
0
0
0
0
0
0
0
0
0
0
0
0
0
0
0
0
0
0
0
0
0
0
0
0
0
0
0
0
0
0
0
0
0
0
0
0
0
0
0
0
0
0
0
0
0
0
0
0
0
0
0
0
0
0
0
0
0
0
0
0
0
0
0
0
0
0
0
0
0
0
0
0
0
0
0
0
0
0
0
0
0
0
0
0
0
0
0
0
0
0
0
0
0
0
0
0
0
0
0
0
0
0
0
0
0
0
0
0
0
0
0
0
0
0
0
0
0
0
0
0
0
0
0
0
0
0
0
0
0
0
0
0
0
0
0
0
0
0
0
0
0
0
0
0
0
0
0
0
0
0
0
0
0
0
0
0
0
0
0
0
0
0
0
0
0
0
0
0
0
0
0
0
0
0
0
0
0
0
0
0
0
0
0
0
0
0
0
0
0
0
0
0
0
0
0
0
0
0
0
0
0
0
0
0
0
0
0
0
0
0
0
0
0
0
0
0
0
0
0
0
0
0
0
0
0
0
0
0
0
0
0
0
0
0
0
0
0
0
0
0
0
0
0
0
0
0
0
0
0
0
0
0
0
0
0
0
0
0
0
0
0
0
0
0
0
0
0
0
0
0
0
0
0
0
0
0
0
0
0
0
0
0
0
0
0
0
0
0
0
0
0
0
0
0
0
0
0
0
0
0
0
0
0
0
0
0
0
0
0
0
0
0
0
0
0
0
0
0
0
0
0
0
0
0
0
0
0
0
0
0
0
0
0
0
0
0
0
0
0
0
0
0
0
0
0
0
0
0
0
0
0
0
0
0
0
0
0
0
0
0
0
0
0
0
0
0
0
0
0
0
0
0
0
0
0
0
0
0
0
0
0
0
0
0
0
0
0
0
0
0
0
0
0
0
0
0
0
0
0
0
0
0
0
0
0
0
0
0
0
0
0
0
0
0
0
0
0
0
0
0
0
0
0
0
0
0
0
0
0
0
0
0
0
0
0
0
0
0
0
0
0
0
0
0
0
0
0
0
0
0
0
0
0
0
0
0
0
0
0
0
0
0
0
0
0
0
0
0
0
0
0
0
0
0
0
0
0
0
0
0
0
0
0
0
0
0
0
0
0
0
0
0
0
0
0
0
0
0
0
0
0
0
0
0
0
0
0
0
0
0
0
0
0
0
0
0
0
0
0
0
0
0
0
0
0
0
0
0
0
0
0
0
0
0
0
0
0
0
0
0
0
0
0
0
0
0
0
0
0
0
0
0
0
0
0
0
0
0
0
0
0
0
0
0
0
0
0
0
0
0
0
0
0
0
0
0
0
0
0
0
0
0
0
0
0
0
0
0
0
0
0
0
0
0
0
0
0
0
0
0
0
0
0
0
0
0
0
0
0
0
0
0
0
0
0
0
0
0
0
0
0
0
0
0
0
0
0
0
0
0
0
0
0
0
0
0
0
0
0
0
0
0
0
0
0
0
0
0
0
0
0
0
0
0
0
0
0
0
0
0
0
0
0
0
0
0
0
0
0
0
0
0
0
0
0
0
0
0
0
0
0
0
0
0
0
0
0
0
0
0
0
0
0
0
0
0
0
0
0
0
0
0
0
0
0
0
0
0
0
0
0
0
0
0
0
0
0
0
0
0
0
0
0
0
0
0
0
0
0
0
0
0
0
0
0
0
0
0
0
0
0
0
0
0
0
0
0
0
0
0
0
0
0
0
0
0
0
0
0
0
0
0
0
0
0
0
0
0
0
0
0
0
0
0
0
0
0
0
0
0
0
0
0
0
0
0
0
0
0
0
0
0
0
0
0
0
0
0
0
0
0
0
0
0
0
0
0
0
0
0
0
0
0
0
0
0
0
0
0
0
0
0
0
0
0
0
0
0
0
0
0
0
0
0
0
0
0
0
0
0
0
0
0
0
0
0
0
0
0
0
0
0
0
0
0
0
0
0
0
0
0
0
0
0
0
0
0
0
0
0
0
0
0
0
0
0
0
0
0
0
0
0
0
0
0
0
0
0
0
0
0
0
0
0
0
0
0
0
0
0
0
0
0
0
0
0
0
0
0
0
0
0
0
0
0
0
0
0
0
0
0
0
0
0
0
0
0
0
0
0
0
0
0
0
0
0
0
0
0
0
0
0
0
0
0
0
0
0
0
0
0
0
0
0
0
0
0
0
0
0
0
0
0
0
0
0
0
0
0
0
0
0
0
0
0
0
0
0
0
0
0
0
0
0
0
0
0
0
0
0
0
0
0
0
0
0
0
0
0
0
0
0
0
0
0
0
0
0
0
0
0
0
0
0
0
0
0
0
0
0
0
0
0
0
0
0
0
0
0
0
0
0
0
0
0
0
0
0
0
0
0
0
0
0
0
0
0
0
0
0
0
0
0
0
0
0
0
0
0
0
0
0
0
0
0
0
0
0
0
0
0
0
0
0
0
0
0
0
0
0
0
0
0
0
0
0
0
0
0
0
0
0
0
0
0
0
0
0
0
0
0
0
0
0
0
0
0
0
0
0
0
0
0
0
0
0
0
0
0
0
0
0
0
0
0
0
0
0
0
0
0
0
0
0
0
0
0
0
0
0
0
0
0
0
0
0
0
0
0
0
0
0
0
0
0
0
0
0
0
0
0
0
0
0
0
0
0
0
0
0
0
0
0
0
0
0
0
0
0
0
0
0
0
0
0
0
0
0
0
0
0
0
0
0
0
0
0
0
0
0
0
0
0
0
0
0
0
0
0
0
0
0
0
0
0
0
0
0
0
0
0
0
0
0
0
0
0
0
0
0
0
0
0
0
0
0
0
0
0
0
0
0
0
0
0
0
0
0
0
0
0
0
0
0
0
0
0
0
0
0
0
0
0
0
0
0
0
0
0
0
0
0
0
0
0
0
0
0
0
0
0
0
0
0
0
0
0
0
0
0
0
0
0
0
0
0
0
0
0
0
0
0
0
0
0
0
0
0
0
0
0
0
0
0
0
0
0
0
0
0
0
0
0
0
0
0
0
0
0
0
0
0
0
0
0
0
0
0
0
0
0
0
0
0
0
0
0
0
0
0
0
0
0
0
0
0
0
0
0
0
0
0
0
0
0
0
0
0
0
0
0
0
0
0
0
0
0
0
0
0
0
0
0
0
0
0
0
0
0
0
0
0
0
0
0
0
0
0
0
0
0
0
0
0
0
0
0
0
0
0
0
0
0
0
0
0
0
0
0
0
0
0
0
0
0
0
0
0
0
0
0
0
0
0
0
0
0
0
0
0
0
0
0
0
0
0
0
0
0
0
0
0
0
0
0
0
0
0
0
0
0
0
0
0
0
0
0
0
0
0
0
0
0
0
0
0
0
0
0
0
0
0
0
0
0
0
0
0
0
0
0
0
0
0
0
0
0
0
0
0
0
0
0
0
0
0
0
0
0
0
0
0
0
0
0
0
0
0
0
0
0
0
0
0
0
0
0
0
0
0
0
0
0
0
0
0
0
0
0
0
0
0
0
0
0
0
0
0
0
0
0
0
0
0
0
0
0
0
0
0
0
0
0
0
0
0
0
0
0
0
0
0
0
0
0
0
0
0
0
0
0
0
0
0
0
0
0
0
0
0
0
0
0
0
0
0
0
0
0
0
0
0
0
0
0
0
0
0
0
0
0
0
0
0
0
0
0
0
0
0
0
0
0
0
0
0
0
0
0
0
0
0
0
0
0
0
0
0
0
0
0
0
0
0
0
0
0
0
0
0
0
0
0
0
0
0
0
0
0
0
0
0
0
0
0
0
0
0
0
0
0
0
0
0
0
0
0
0
0
0
0
0
0
0
0
0
0
0
0
0
0
0
0
0
0
0
0
0
0
0
0
0
0
0
0
0
0
0
0
0
0
0
0
0
0
0
0
0
0
0
0
0
0
0
0
0
0
0
0
0
0
0
0
0
0
0
0
0
0
0
0
0
0
0
0
0
0
0
0
0
0
0
0
0
0
0
0
0
0
0
0
0
0
0
0
0
0
0
0
0
0
0
0
0
0
0
0
0
0
0
0
0
0
0
0
0
0
0
0
0
0
0
0
0
0
0
0
0
0
0
0
0
0
0
0
0
0
0
0
0
0
0
0
0
0
0
0
0
0
0
0
0
0
0
0
0
0
0
0
0
0
0
0
0
0
0
0
0
0
0
0
0
0
0
0
0
0
0
0
0
0
0
0
0
0
0
0
0
0
0
0
0
0
0
0
0
0
0
0
0
0
0
0
0
0
0
0
0
0
0
0
0
0
0
0
0
0
0
0
0
0
0
0
0
0
0
0
0
0
0
0
0
0
0
0
0
0
0
0
0
0
0
0
0
0
0
0
0
0
0
0
0
0
0
0
0
0
0
0
0
0
0
0
0
0
0
0
0
0
0
0
0
0
0
0
0
0
0
0
0
0
0
0
0
0
0
0
0
0
0
0
0
0
0
0
0
0
0
0
0
0
0
0
0
0
0
0
0
0
0
0
0
0
0
0
0
0
0
0
0
0
0
0
0
0
0
0
0
0
0
0
0
0
0
0
0
0
0
0
0
0
0
0
0
0
0
0
0
0
0
0
0
0
0
0
0
0
0
0
0
0
0
0
0
0
0
0
0
0
0
0
0
0
0
0
0
0
0
0
0
0
0
0
0
0
0
0
0
0
0
0
0
0
0
0
0
0
0
0
0
0
0
0
0
0
0
0
0
0
0
0
0
0
0
0
0
0
0
0
0
0
0
0
0
0
0
0
0
0
0
0
0
0
0
0
0
0
0
0
0
0
0
0
0
0
0
0
0
0
0
0
0
0
0
0
0
0
0
0
0
0
0
0
0
0
0
0
0
0
0
0
0
0
0
0
0
0
0
0
0
0
0
0
0
0
0
0
0
0
0
0
0
0
0
0
0
0
0
0
0
0
0
0
0
0
0
0
0
0
0
0
0
0
0
0
0
0
0
0
0
0
0
0
0
0
0
0
0
0
0
0
0
0
0
0
0
0
0
0
0
0
0
0
0
0
0
0
0
0
0
0
0
0
0
0
0
0
0
0
0
0
0
0
0
0
0
0
0
0
0
0
0
0
0
0
0
0
0
0
0
0
0
0
0
0
0
0
0
0
0
0
0
0
0
0
0
0
0
0
0
0
0
0
0
0
0
0
0
0
0
0
0
0
0
0
0
0
0
0
0
0
0
0
0
0
0
0
0
0
0
0
0
0
0
0
0
0
0
0
0
0
0
0
0
0
0
0
0
0
0
0
0
0
0
0
0
0
0
0
0
0
0
0
0
0
0
0
0
0
0
0
0
0
0
0
0
0
0
0
0
0
0
0
0
0
0
0
0
0
0
0
0
0
0
0
0
0
0
0
0
0
0
0
0
0
0
0
0
0
0
0
0
0
0
0
0
0
0
0
0
0
0
0
0
0
0
0
0
0
0
0
0
0
0
0
0
0
0
0
0
0
0
0
0
0
0
0
0
0
0
0
0
0
0
0
0
0
0
0
0
0
0
0
0
0
0
0
0
0
0
0
0
0
0
0
0
0
0
0
0
0
0
0
0
0
0
0
0
0
0
0
0
0
0
0
0
0
0
0
0
0
0
0
0
0
0
0
0
0
0
0
0
0
0
0
0
0
0
0
0
0
0
0
0
0
0
0
0
0
0
0
0
0
0
0
0
0
0
0
0
0
0
0
0
0
0
0
0
0
0
0
0
0
0
0
0
0
0
0
0
0
0
0
0
0
0
0
0
0
0
0
0
0
0
0
0
0
0
0
0
0
0
0
0
0
0
0
0
0
0
0
0
0
0
0
0
0
0
0
0
0
0
0
0
0
0
0
0
0
0
0
0
0
0
0
0
0
0
0
0
0
0
0
0
0
0
0
0
0
0
0
0
0
0
0
0
0
0
0
0
0
0
0
0
0
0
0
0
0
0
0
0
0
0
0
0
0
0
0
0
0
0
0
0
0
0
0
0
0
0
0
0
0
0
0
0
0
0
0
0
0
0
0
0
0
0
0
0
0
0
0
0
0
0
0
0
0
0
0
0
0
0
0
0
0
0
0
0
0
0
0
0
0
0
0
0
0
0
0
0
0
0
0
0
0
0
0
0
0
0
0
0
0
0
0
0
0
0
0
0
0
0
0
0
0
0
0
0
0
0
0
0
0
0
0
0
0
0
0
0
0
0
0
0
0
0
0
0
0
0
0
0
0
0
0
0
0
0
0
0
0
0
0
0
0
0
0
0
0
0
0
0
0
0
0
0
0
0
0
0
0
0
0
0
0
0
0
0
0
0
0
0
0
0
0
0
0
0
0
0
0
0
0
0
0
0
0
0
0
0
0
0
0
0
0
0
0
0
0
0
0
0
0
0
0
0
0
0
0
0
0
0
0
0
0
0
0
0
0
0
0
0
0
0
0
0
0
0
0
0
0
0
0
0
0
0
0
0
0
0
0
0
0
0
0
0
0
0
0
0
0
0
0
0
0
0
0
0
0
0
0
0
0
0
0
0
0
0
0
0
0
0
0
0
0
0
0
0
0
0
0
0
0
0
0
0
0
0
0
0
0
0
0
0
0
0
0
0
0
0
0
0
0
0
0
0
0
0
0
0
0
0
0
0
0
0
0
0
0
0
0
0
0
0
0
0
0
0
0
0
0
0
0
0
0
0
0
0
0
0
0
0
0
0
0
0
0
0
0
0
0
0
0
0
0
0
0
0
0
0
0
0
0
0
0
0
0
0
0
0
0
0
0
0
0
0
0
0
0
0
0
0
0
0
0
0
0
0
0
0
0
0
0
0
0
0
0
0
0
0
0
0
0
0
0
0
0
0
0
0
0
0
0
0
0
0
0
0
0
0
0
0
0
0
0
0
0
0
0
0
0
0
0
0
0
0
0
0
0
0
0
0
0
0
0
0
0
0
0
0
0
0
0
0
0
0
0
0
0
0
0
0
0
0
0
0
0
0
0
0
0
0
0
0
0
0
0
0
0
0
0
0
0
0
0
0
0
0
0
0
0
0
0
0
0
0
0
0
0
0
0
0
0
0
0
0
0
0
0
0
0
0
0
0
0
0
0
0
0
0
0
0
0
0
0
0
0
0
0
0
0
0
0
0
0
0
0
0
0
0
0
0
0
0
0
0
0
0
0
0
0
0
0
0
0
0
0
0
0
0
0
0
0
0
0
0
0
0
0
0
0
0
0
0
0
0
0
0
0
0
0
0
0
0
0
0
0
0
0
0
0
0
0
0
0
0
0
0
0
0
0
0
0
0
0
0
0
0
0
0
0
0
0
0
0
0
0
0
0
0
0
0
0
0
0
0
0
0
0
0
0
0
0
0
0
0
0
0
0
0
0
0
0
0
0
0
0
0
0
0
0
0
0
0
0
0
0
0
0
0
0
0
0
0
0
0
0
0
0
0
0
0
0
0
0
0
0
0
0
0
0
0
0
0
0
0
0
0
0
0
0
0
0
0
0
0
0
0
0
0
0
0
0
0
0
0
0
0
0
0
0
0
0
0
0
0
0
0
0
0
0
0
0
0
0
0
0
0
0
0
0
0
0
0
0
0
0
0
0
0
0
0
0
0
0
0
0
0
0
0
0
0
0
0
0
0
0
0
0
0
0
0
0
0
0
0
0
0
0
0
0
0
0
0
0
0
0
0
0
0
0
0
0
0
0
0
0
0
0
0
0
0
0
0
0
0
0
0
0
0
0
0
0
0
0
0
0
0
0
0
0
0
0
0
0
0
0
0
0
0
0
0
0
0
0
0
0
0
0
0
0
0
0
0
0
0
0
0
0
0
0
0
0
0
0
0
0
0
0
0
0
0
0
0
0
0
0
0
0
0
0
0
0
0
0
0
0
0
0
0
0
0
0
0
0
0
0
0
0
0
0
0
0
0
0
0
0
0
0
0
0
0
0
0
0
0
0
0
0
0
0
0
0
0
0
0
0
0
0
0
0
0
0
0
0
0
0
0
0
0
0
0
0
0
0
0
0
0
0
0
0
0
0
0
0
0
0
0
0
0
0
0
0
0
0
0
0
0
0
0
0
0
0
0
0
0
0
0
0
0
0
0
0
0
0
0
0
0
0
0
0
0
0
0
0
0
0
0
0
0
0
0
0
0
0
0
0
0
0
0
0
0
0
0
0
0
0
0
0
0
0
0
0
0
0
0
0
0
0
0
0
0
0
0
0
0
0
0
0
0
0
0
0
0
0
0
0
0
0
0
0
0
0
0
0
0
0
0
0
0
0
0
0
0
0
0
0
0
0
0
0
0
0
0
0
0
0
0
0
0
0
0
0
0
0
0
0
0
0
0
0
0
0
0
0
0
0
0
0
0
0
0
0
0
0
0
0
0
0
0
0
0
0
0
0
0
0
0
0
0
0
0
0
0
0
0
0
0
0
0
0
0
0
0
0
0
0
0
0
0
0
0
0
0
0
0
0
0
0
0
0
0
0
0
0
0
0
0
0
0
0
0
0
0
0
0
0
0
0
0
0
0
0
0
0
0
0
0
0
0
0
0
0
0
0
0
0
0
0
0
0
0
0
0
0
0
0
0
0
0
0
0
0
0
0
0
0
0
0
0
0
0
0
0
0
0
0
0
0
0
0
0
0
0
0
0
0
0
0
0
0
0
0
0
0
0
0
0
0
0
0
0
0
0
0
0
0
0
0
0
0
0
0
0
0
0
0
0
0
0
0
0
0
0
0
0
0
0
0
0
0
0
0
0
0
0
0
0
0
0
0
0
0
0
0
0
0
0
0
0
0
0
0
0
0
0
0
0
0
0
0
0
0
0
0
0
0
0
0
0
0
0
0
0
0
0
0
0
0
0
0
0
0
0
0
0
0
0
0
0
0
0
0
0
0
0
0
0
0
0
0
0
0
0
0
0
0
0
0
0
0
0
0
0
0
0
0
0
0
0
0
0
0
0
0
0
0
0
0
0
0
0
0
0
0
0
0
0
0
0
0
0
0
0
0
0
0
0
0
0
0
0
0
0
0
0
0
0
0
0
