0
2934
715
88
15
6
8
7
8
12
8
25
49
129
316
664
1306
2375
4006
6457
8609
9849
11717
12773
13159
13587
13604
13829
14173
14331
14698
14757
14913
15361
15323
15280
15369
15165
15443
15385
15421
15182
14852
14917
14450
14652
14367
14395
14300
14305
13929
13946
13749
13715
14369
14913
16105
16326
16029
15607
15052
14792
14859
14424
13614
13017
12865
12363
11891
11603
11351
10981
10630
10398
10144
9929
9692
9777
9389
9087
8844
8814
8600
8395
8332
8006
8013
7842
7929
7655
7414
7405
8082
7499
7167
7138
7118
6734
6829
6661
6597
6578
6559
6423
6395
6452
6289
6367
6148
6204
6075
6007
5981
5860
5866
5899
5852
5833
5837
5645
5612
5684
5829
5609
5616
5479
5509
5447
5445
5366
5377
5446
5290
5591
6344
5251
5177
5216
5148
5165
5108
5056
5153
4975
5085
5035
5074
5058
5050
4949
5006
5000
5029
5539
4860
4946
4979
4936
4894
5222
5704
4985
4928
4987
4808
4917
4825
5024
4863
4897
4816
4913
4875
4879
5017
4886
4862
5018
4986
5103
4822
4992
4921
4943
5014
5098
5020
5126
5117
5084
5205
5305
5104
5167
5191
5118
5243
5197
5256
5234
5259
5368
5444
5384
5443
5310
5432
5433
5476
5617
5570
5599
5641
5807
5571
5793
5961
5862
5719
5942
6061
5933
5868
6150
6262
6188
6432
6393
6492
6450
6746
6628
6789
6900
6823
7020
7201
7058
7165
7669
7308
7456
7407
7498
7678
7840
7567
7725
7748
7783
7942
7769
7623
7172
6669
6559
6063
6262
6070
5807
6010
5834
5753
5654
5772
5809
5565
5687
5620
5646
5638
5533
5466
5402
5342
5272
5268
5209
5250
5138
4998
5072
5189
5186
5262
5080
5136
5193
5103
5024
5243
5092
4868
4661
4337
3842
3557
3373
3344
3215
3205
3009
2996
2952
2935
3067
4008
9653
112648
56162
2508
2008
1895
1826
1798
1686
1535
1427
1379
1308
1277
1172
1074
1017
919
996
881
818
778
743
638
639
668
626
611
638
617
648
621
587
617
600
562
563
556
591
589
895
1985
9104
108077
41964
345
151
130
145
119
127
131
132
104
130
212
122
115
118
126
110
150
97
153
104
94
99
126
99
103
113
97
105
110
122
166
876
4029
471
69
58
60
65
53
56
57
93
79
55
80
83
59
66
62
51
53
67
67
62
65
55
56
59
52
67
62
43
64
55
67
96
90
97
61
51
45
39
43
57
71
41
64
53
42
36
53
37
34
31
59
55
51
54
35
37
52
49
48
49
50
40
37
28
50
41
48
37
77
76
34
35
33
28
42
41
45
184
255
35
33
31
24
36
33
27
40
32
37
43
35
44
32
39
27
34
27
40
46
72
57
43
43
36
32
32
36
32
39
38
35
37
24
33
30
33
43
40
29
32
22
33
32
36
37
27
27
49
39
34
40
43
35
37
37
29
18
38
25
34
29
33
32
29
29
28
40
27
31
30
31
29
30
30
35
21
31
21
39
28
27
25
24
28
24
35
65
83
26
31
42
46
29
28
26
30
23
36
38
24
31
24
27
24
18
26
27
26
24
24
30
29
34
108
56
33
29
30
32
37
30
30
24
23
25
30
38
35
20
30
27
28
36
23
47
35
31
28
22
26
30
35
33
30
25
27
31
28
26
20
29
45
26
25
25
26
24
30
34
28
24
20
26
13
20
22
14
28
17
23
20
14
12
14
18
22
14
25
29
11
24
18
12
8
17
11
8
11
10
8
14
21
61
92
7
7
7
6
6
6
5
4
3
10
2
4
7
1
3
4
4
2
1
2
6
8
5
11
11
22
77
519
148
7
1
1
2
1
1
5
3
2
3
1
4
2
1
1
0
0
0
2
1
2
1
1
1
2
2
0
2
5
2
0
3
1
0
1
3
2
2
1
1
3
2
2
3
3
1
2
0
0
2
1
0
0
2
2
2
1
1
0
2
2
1
1
3
2
1
2
2
1
0
1
2
1
1
0
1
1
1
0
3
1
0
0
0
2
1
1
1
1
0
1
0
0
0
0
3
1
1
0
1
0
0
2
1
1
0
3
1
1
0
0
0
1
0
2
1
2
0
0
0
1
3
0
1
1
3
1
1
1
1
1
2
0
1
1
1
4
1
3
3
0
1
0
2
0
1
1
0
0
1
0
1
3
1
1
0
1
2
1
1
1
2
0
2
2
0
1
2
1
2
0
0
0
1
1
0
2
0
0
0
2
1
1
1
3
1
0
0
1
0
0
1
0
0
1
0
0
0
1
1
1
0
1
3
0
0
0
0
2
2
0
4
0
0
0
1
0
1
1
1
3
0
1
0
0
3
0
2
2
0
1
0
0
0
2
1
1
0
0
2
1
1
0
0
0
1
1
1
1
2
0
1
0
0
1
0
1
0
0
2
0
0
0
0
0
0
1
2
0
0
1
4
0
0
0
0
1
1
2
0
1
0
0
1
2
0
0
2
0
0
0
1
0
0
1
1
2
0
2
0
0
0
2
0
1
0
0
1
0
0
1
0
1
0
0
0
1
0
2
0
1
0
1
0
0
1
0
0
0
1
1
3
2
0
2
0
0
0
1
0
2
1
0
1
1
1
1
0
1
1
2
0
0
0
0
0
0
0
1
0
0
0
2
1
0
0
0
0
2
0
2
0
1
0
0
0
0
0
0
1
1
0
3
0
1
0
0
0
1
1
0
0
0
0
0
0
0
1
1
0
0
2
1
1
0
0
0
0
1
0
0
0
1
1
0
0
0
0
2
0
0
0
1
0
0
1
2
0
0
1
1
0
2
1
0
0
0
1
0
1
2
0
0
1
0
0
1
0
1
1
2
0
0
0
2
0
0
1
1
0
1
0
1
1
2
1
1
0
0
1
1
0
1
1
1
0
1
0
0
3
0
0
0
0
0
1
1
3
0
2
0
0
0
0
1
1
1
1
0
1
0
1
0
0
2
0
1
1
2
0
0
0
0
1
0
0
0
0
1
1
1
0
1
1
0
0
0
0
0
2
0
0
2
0
1
1
2
1
1
0
0
0
1
1
3
1
0
1
1
0
0
0
0
0
0
0
1
0
1
1
0
2
1
1
0
1
1
0
2
0
0
0
0
0
0
0
1
0
2
2
0
1
0
2
0
0
1
0
0
2
1
0
0
1
0
1
0
1
1
0
1
1
0
0
1
0
0
1
0
2
1
0
1
0
1
2
0
1
1
0
0
0
0
1
1
0
1
0
0
0
0
0
0
0
1
0
1
0
0
0
0
0
0
0
1
1
1
0
1
1
0
0
1
1
0
1
0
0
0
0
0
0
0
1
0
2
0
0
0
0
1
0
0
2
1
0
1
0
2
0
0
0
0
0
1
0
0
0
0
0
1
1
0
1
0
0
0
0
1
1
1
0
1
0
2
2
0
0
0
0
1
0
0
0
0
0
0
0
1
2
1
0
0
0
0
1
0
0
0
0
0
0
0
0
1
0
2
0
0
1
0
1
2
0
0
0
1
1
0
3
0
2
0
0
1
1
0
0
1
2
0
0
1
0
1
0
0
1
0
2
1
2
0
0
1
1
0
0
1
0
1
0
2
0
0
0
0
0
1
0
0
0
0
0
0
0
1
0
0
0
0
1
0
3
0
0
0
0
0
0
1
0
0
1
0
0
1
0
0
0
0
1
1
1
0
0
0
0
0
1
0
0
0
0
0
0
0
0
1
0
1
2
0
0
0
0
0
1
1
0
1
0
1
0
0
0
2
1
0
0
2
0
0
0
0
3
0
0
1
0
0
0
1
0
0
0
0
2
2
0
0
1
3
0
0
2
0
1
0
0
0
0
0
0
1
0
1
1
3
0
0
0
0
0
0
0
0
2
1
0
1
1
1
0
0
0
0
0
1
0
1
1
0
0
1
1
0
0
0
0
0
0
0
0
0
0
0
2
0
1
0
0
0
0
1
0
0
1
1
0
1
0
0
1
0
1
1
0
0
0
0
1
0
1
0
1
1
0
1
0
0
2
0
1
0
0
2
0
1
0
1
0
1
1
0
0
0
1
0
0
3
0
0
0
0
0
0
0
0
1
0
0
0
0
0
0
0
2
0
1
1
0
0
1
0
1
0
1
1
2
1
0
0
0
0
0
0
0
0
1
1
1
0
0
0
0
1
1
0
0
1
2
1
0
0
0
1
0
0
2
0
0
1
1
2
0
0
0
0
0
0
0
0
0
0
0
2
1
0
0
0
0
3
0
0
0
0
0
0
0
0
0
0
0
0
0
1
0
0
0
0
1
0
0
0
1
0
0
0
0
0
0
0
0
0
0
0
0
0
0
1
1
0
0
1
1
1
0
0
1
1
0
1
0
1
0
1
0
0
0
0
0
0
1
0
1
0
1
0
0
0
0
1
1
0
0
2
2
0
0
0
0
0
0
0
0
0
0
0
2
2
0
0
1
0
0
0
0
0
0
0
0
1
1
0
1
0
0
1
0
2
0
0
1
0
1
0
0
1
2
0
0
1
0
0
0
0
2
1
0
0
0
0
1
0
0
1
0
0
0
2
0
0
1
0
0
2
0
0
1
0
0
1
1
2
0
1
0
0
3
0
0
0
1
1
0
0
0
2
0
1
0
2
1
0
0
1
1
1
1
0
1
2
2
0
0
0
1
1
0
0
0
0
1
0
0
0
0
0
0
0
2
0
0
1
1
2
1
1
0
0
2
0
0
0
1
0
0
0
1
0
0
0
0
0
0
0
0
0
0
0
0
0
0
0
0
0
2
0
0
0
0
1
0
1
0
0
0
0
0
0
0
2
0
0
0
0
1
0
0
0
2
0
1
1
1
0
1
0
1
0
0
0
0
0
0
0
0
0
1
0
0
1
1
0
1
1
1
1
1
1
0
1
0
0
0
0
0
0
0
1
0
0
0
0
1
0
0
0
0
0
0
1
0
0
0
0
1
1
1
0
0
0
2
0
0
1
0
0
1
0
1
0
0
0
0
0
1
0
1
1
0
0
0
1
1
0
1
0
0
0
0
0
0
0
0
0
1
0
0
0
1
2
0
1
0
0
2
0
0
2
2
0
0
0
0
0
0
0
0
0
0
1
1
0
1
0
1
0
0
0
0
0
0
1
1
0
0
0
2
0
1
1
1
1
1
0
0
0
0
0
1
0
0
0
1
0
0
0
0
0
2
0
0
0
0
1
0
0
0
0
0
0
1
1
0
0
1
0
0
0
0
1
0
0
0
0
1
0
1
0
2
0
0
2
1
0
0
0
1
0
0
2
0
0
0
0
1
1
0
1
1
1
0
0
1
1
0
1
0
0
0
0
0
0
0
0
1
0
1
0
3
0
1
1
0
1
0
0
0
0
0
0
0
1
0
0
1
0
0
0
0
0
2
0
0
0
1
1
0
0
0
0
0
1
0
0
0
0
0
0
0
0
0
0
1
1
1
2
1
0
0
0
1
1
0
1
2
1
0
0
0
0
0
0
1
0
1
2
0
0
0
0
0
0
1
0
0
0
1
1
0
2
0
0
0
0
0
2
0
1
1
2
1
0
1
0
0
0
0
0
0
2
0
2
0
1
3
0
1
0
0
0
1
2
1
0
1
1
0
0
0
0
0
0
0
1
0
1
0
0
0
0
0
0
1
0
0
0
0
0
0
0
0
0
0
0
0
0
0
0
0
0
0
2
0
0
1
0
0
0
0
0
0
0
0
0
1
1
0
0
0
0
0
0
0
1
0
1
0
0
0
0
0
1
0
1
0
0
1
1
0
0
0
2
0
0
0
0
0
0
0
0
0
0
0
0
0
1
0
0
0
0
0
0
0
0
0
1
1
0
0
1
0
0
0
0
1
1
0
1
0
0
1
0
0
0
0
0
0
0
0
0
0
0
1
0
1
0
1
0
1
0
0
1
0
1
0
0
0
1
0
1
0
0
0
1
1
0
0
0
0
0
0
0
0
0
0
0
0
0
0
1
1
0
0
0
0
0
0
0
0
1
0
0
0
1
0
0
0
0
0
1
0
0
0
0
0
0
0
1
1
1
0
0
1
0
0
0
1
1
0
0
0
0
0
0
0
0
0
0
0
1
0
0
1
0
0
0
1
0
0
1
0
1
0
0
1
0
0
0
1
0
0
0
0
1
2
1
0
0
0
0
0
0
1
1
0
0
0
1
1
0
1
1
1
0
2
0
1
0
0
0
1
0
1
0
0
0
0
0
0
1
0
0
0
0
1
0
0
0
0
1
1
1
0
1
0
0
1
0
1
2
1
0
0
0
0
1
1
0
0
0
1
0
0
0
0
0
0
0
1
0
0
1
0
0
0
0
0
1
0
0
0
0
0
1
0
0
1
1
0
0
0
0
1
1
0
1
2
0
0
1
0
0
0
0
0
0
0
0
0
0
0
0
0
0
1
0
1
0
3
0
0
0
0
1
0
2
1
0
0
0
0
0
0
0
0
0
1
0
1
0
0
0
0
0
0
0
0
0
0
1
0
0
0
0
2
1
0
0
0
0
0
0
0
0
0
0
2
0
2
0
1
0
0
0
1
1
0
1
0
0
0
0
0
0
0
0
0
1
0
1
0
0
0
2
0
0
1
1
0
0
0
0
0
0
2
0
0
2
0
0
1
0
0
2
0
0
1
0
1
0
0
0
0
0
0
0
2
0
0
1
0
0
1
0
0
0
1
0
0
0
0
1
1
0
0
0
0
0
0
3
0
1
1
0
0
0
1
0
0
0
1
0
0
0
1
0
0
0
0
0
0
2
0
0
0
1
2
0
1
0
1
0
0
0
0
0
1
0
0
0
1
0
0
0
0
0
1
0
0
0
0
0
0
0
0
0
0
0
0
1
0
0
1
0
0
0
0
1
0
0
0
0
0
0
0
0
0
1
0
0
0
0
0
0
0
1
0
0
1
0
0
0
0
0
0
0
1
0
0
0
1
0
0
1
0
1
0
1
1
0
1
0
0
0
0
0
0
0
0
1
0
0
1
0
0
0
0
0
0
0
0
0
0
0
0
1
0
0
0
0
1
0
0
0
1
1
1
0
0
1
0
1
1
1
0
1
0
0
1
1
0
0
0
0
2
0
1
0
0
0
0
2
0
0
0
0
1
0
0
1
0
0
1
0
1
1
0
0
1
0
0
1
1
0
0
2
0
0
0
0
0
0
0
1
0
0
0
0
2
0
0
0
0
1
0
0
0
0
1
0
0
0
0
0
1
1
0
0
0
0
0
0
0
0
0
1
1
0
0
1
0
0
0
0
0
0
0
0
0
0
0
0
1
0
1
0
0
0
0
0
0
0
0
0
1
1
2
1
0
0
0
0
0
1
0
0
1
0
0
1
1
0
1
0
0
0
0
1
1
0
0
0
0
0
1
0
0
2
1
0
0
0
1
0
0
1
1
0
0
0
1
0
0
0
1
0
0
0
1
0
0
0
2
0
0
0
0
1
0
0
0
0
0
0
1
0
0
0
2
0
0
1
0
1
0
0
0
0
1
0
1
0
1
0
2
0
2
0
0
0
2
0
2
0
1
0
0
0
0
0
0
0
0
0
1
0
1
0
0
0
0
0
0
0
0
0
0
0
0
1
0
0
0
0
1
0
0
0
1
1
0
0
0
0
0
2
0
1
0
0
0
0
1
0
0
0
0
0
0
0
0
0
0
0
0
0
2
0
0
0
0
0
1
0
0
0
0
0
0
0
0
0
0
1
0
0
0
0
0
0
0
0
1
0
1
1
0
0
1
3
0
1
0
0
1
0
1
1
0
0
0
0
0
1
0
0
0
0
1
1
0
0
0
0
0
0
0
1
0
0
0
0
0
0
0
1
1
1
0
0
0
1
0
1
0
0
0
0
1
0
0
2
0
0
0
0
0
0
0
0
0
0
0
0
0
0
0
0
0
1
1
0
0
0
0
0
1
0
0
0
0
0
1
1
2
0
0
0
0
1
0
0
1
0
1
0
0
1
0
1
1
0
0
0
0
0
0
0
0
0
1
1
0
1
1
0
1
0
0
0
0
2
3
0
0
0
0
1
0
0
1
0
0
1
1
1
0
0
0
0
0
0
0
1
1
1
0
1
0
1
0
1
1
0
0
0
1
0
0
0
0
0
0
1
0
0
0
0
0
0
0
0
0
0
0
1
0
0
0
0
0
0
0
0
0
0
0
0
0
1
0
1
0
0
0
1
1
0
0
0
0
1
0
0
1
2
0
0
0
0
0
0
0
1
1
0
0
0
0
1
0
0
1
1
0
0
0
1
1
0
1
0
0
0
0
0
0
0
0
0
2
0
0
2
0
0
0
0
0
0
0
0
0
0
0
1
0
1
0
0
0
0
0
0
1
0
0
0
0
0
0
0
0
0
1
1
0
0
0
0
0
1
1
0
1
1
0
0
0
1
0
0
1
0
0
0
0
0
0
0
1
0
1
1
0
1
0
0
1
0
1
1
0
0
1
1
0
0
0
0
0
1
0
0
0
0
0
0
0
0
0
0
0
0
1
0
1
0
0
1
0
2
0
0
0
1
0
0
0
0
0
0
1
0
0
0
2
0
0
0
0
0
0
0
0
0
0
1
1
0
0
0
1
0
0
1
1
0
0
0
0
0
0
0
0
1
0
1
0
0
0
0
0
0
0
1
1
0
0
0
0
0
0
0
0
2
0
0
0
0
0
0
0
0
0
0
0
0
0
1
0
0
0
0
0
0
0
0
0
1
0
0
0
0
1
0
0
0
0
0
0
0
0
0
0
0
0
1
0
1
0
0
0
0
0
0
1
0
1
0
0
0
1
0
0
0
0
0
0
0
0
0
0
0
0
0
0
1
0
0
0
0
0
0
0
0
0
1
0
0
0
0
0
0
1
1
0
0
1
0
0
1
0
0
0
1
0
0
0
0
0
0
2
0
0
0
0
0
2
0
0
0
1
0
0
0
0
0
0
0
1
0
0
2
1
0
0
0
0
0
0
1
0
0
1
0
0
1
0
0
1
0
0
1
0
2
1
0
0
0
0
1
0
0
0
0
0
0
0
3
1
1
1
0
0
0
0
0
1
0
1
0
2
0
0
0
0
0
0
0
0
1
1
0
0
0
0
1
0
0
0
0
0
1
0
1
1
0
0
0
0
0
0
0
0
0
1
0
0
1
1
0
0
0
0
0
0
0
0
0
0
1
0
1
0
0
0
0
0
2
0
1
1
0
1
0
0
1
0
0
0
0
0
1
0
0
0
0
0
0
0
0
0
0
0
1
0
0
0
0
0
1
0
0
1
0
0
0
0
1
1
0
0
0
0
0
0
0
0
0
1
0
0
0
0
0
0
1
0
1
1
0
0
1
0
0
0
1
0
1
0
0
0
0
0
0
2
0
0
0
0
0
1
0
0
0
0
0
0
4
0
1
0
0
1
1
0
0
1
0
0
0
0
0
0
0
0
0
0
1
0
1
1
1
0
1
0
1
0
0
1
0
0
0
0
0
0
0
0
1
1
0
0
0
0
0
0
0
0
0
1
0
0
0
0
1
0
0
1
0
0
0
0
0
0
0
0
0
0
1
0
0
0
0
0
0
0
0
0
0
0
0
0
0
0
1
1
0
1
0
0
0
0
1
0
0
0
1
0
0
1
0
1
0
0
0
0
1
0
0
0
1
0
1
1
0
0
0
1
1
0
1
1
0
0
0
0
1
0
0
0
0
0
1
1
0
0
0
0
0
0
0
0
0
0
0
1
1
0
0
0
0
0
0
0
0
0
0
0
0
0
0
1
0
0
0
1
0
0
0
1
0
0
0
0
0
0
0
0
0
0
0
0
0
0
0
0
1
0
0
0
0
0
1
0
1
0
0
0
1
1
0
1
0
0
0
0
0
0
0
0
0
0
0
0
1
0
0
1
0
0
0
0
0
0
1
0
1
0
0
0
0
0
1
0
0
0
0
0
0
0
0
0
0
0
0
0
1
0
0
0
1
0
0
0
0
0
0
0
0
1
0
0
1
1
0
2
0
0
0
0
0
0
1
0
0
0
0
1
0
0
1
0
1
0
0
0
0
0
1
2
1
0
0
0
0
0
1
0
0
0
0
0
0
0
0
0
0
0
0
0
0
0
0
0
0
0
0
0
0
0
1
0
0
0
0
0
1
0
0
1
0
0
0
0
0
0
1
0
0
0
0
0
0
0
0
0
0
0
0
1
0
0
0
1
0
0
0
0
1
0
0
0
0
0
1
0
0
0
0
1
0
1
0
0
1
0
0
0
1
0
1
0
0
0
0
0
1
1
1
0
0
1
0
0
0
0
0
0
0
0
0
1
0
0
0
0
0
0
0
0
0
1
1
0
0
2
0
0
1
1
0
0
0
1
1
0
0
0
1
1
0
0
1
0
1
0
0
0
0
0
1
1
1
0
0
0
0
0
0
0
0
0
1
0
0
2
0
2
0
0
0
0
2
1
0
0
0
0
0
1
1
0
1
0
0
0
0
1
1
0
1
0
0
0
2
0
0
0
0
0
0
0
1
1
0
1
1
0
0
0
0
1
0
1
0
0
0
0
0
0
0
1
0
0
0
1
0
0
0
0
1
0
1
1
0
0
0
0
0
0
1
0
1
0
1
0
0
0
1
0
0
0
0
0
0
1
0
0
0
0
1
0
2
0
0
1
0
1
1
0
0
0
0
0
1
1
1
1
0
1
0
0
0
0
0
2
1
0
0
0
0
0
0
2
0
0
0
0
1
1
1
0
0
0
0
0
0
1
0
0
1
0
0
1
0
0
0
0
0
0
0
0
1
0
0
1
0
0
0
0
0
0
0
1
1
0
0
0
0
0
0
0
1
0
0
0
0
0
0
0
0
0
0
0
0
0
0
0
0
0
1
0
0
1
1
0
0
1
0
0
1
0
0
0
0
0
0
1
1
1
0
0
1
0
0
0
0
0
1
0
0
0
0
0
1
1
0
0
0
0
0
0
0
0
0
0
0
0
0
0
0
1
3
0
0
0
0
1
1
0
0
0
0
0
0
0
0
1
1
0
0
0
0
0
0
0
0
1
0
0
0
0
0
0
0
0
0
0
0
0
0
0
0
0
0
0
0
0
0
0
0
0
1
0
0
0
0
0
0
0
0
1
0
0
0
0
0
0
0
0
0
0
1
0
1
0
0
0
0
0
0
0
0
0
0
0
0
0
1
0
1
0
0
0
1
0
1
0
1
0
0
0
0
0
0
0
0
0
1
0
0
0
0
0
0
0
0
0
0
0
1
0
1
0
0
0
0
0
0
0
0
0
1
0
0
0
1
1
0
0
0
0
0
0
2
0
1
0
1
0
1
0
0
1
0
1
0
0
0
0
0
1
0
0
1
0
0
0
0
0
0
1
0
1
0
0
0
0
0
0
0
1
0
0
0
0
0
0
0
1
0
0
1
0
0
0
0
0
0
0
0
0
0
0
0
1
0
0
1
0
0
0
0
0
0
2
0
0
0
0
0
0
0
0
1
1
0
0
0
1
0
1
0
0
0
1
0
0
0
0
1
0
0
1
1
0
0
0
0
0
1
0
0
0
1
0
0
0
1
0
0
0
1
0
0
1
0
0
0
1
0
1
1
0
0
0
0
0
0
0
2
2
0
0
1
0
1
0
0
1
0
0
0
0
0
0
0
0
0
3
0
0
0
0
0
0
0
1
0
0
0
0
0
0
0
0
0
1
0
0
0
0
0
0
0
1
0
0
0
0
0
0
0
0
0
0
0
0
0
0
0
0
0
0
0
0
0
0
0
0
0
0
1
0
0
0
0
0
1
0
0
1
0
0
0
0
0
0
0
2
0
0
0
0
1
0
0
0
0
0
0
0
0
0
0
0
0
0
0
1
0
0
1
0
0
0
0
0
0
0
0
0
0
0
0
0
0
0
0
0
0
0
0
0
0
0
1
0
0
0
0
0
0
0
0
0
0
0
0
0
0
0
0
0
0
0
0
0
0
0
0
0
0
0
0
0
1
0
0
1
0
0
1
0
0
1
0
0
0
0
0
0
1
0
0
0
1
0
0
0
0
0
0
0
0
0
0
0
0
0
0
0
0
0
0
0
0
0
1
0
0
0
0
0
0
0
0
0
0
0
0
0
0
0
0
0
0
0
0
0
0
0
1
0
0
0
0
0
0
0
0
0
0
0
0
0
0
0
0
0
0
0
0
0
0
0
1
0
0
0
0
0
0
0
0
0
0
0
0
0
0
0
0
1
0
0
0
0
0
1
0
0
0
0
0
0
0
0
0
0
0
0
0
0
0
0
0
0
0
0
1
0
0
0
0
0
0
0
0
0
0
0
0
0
0
0
0
0
0
0
0
0
1
0
0
0
0
0
0
0
0
1
0
0
0
0
0
0
0
0
0
0
0
0
0
0
0
0
0
0
0
0
0
0
0
0
0
0
0
0
0
0
1
0
0
0
0
0
0
0
0
0
0
0
0
0
1
0
0
0
0
0
0
0
0
0
1
0
0
0
0
0
0
0
0
0
0
1
0
0
0
0
0
0
0
0
0
0
0
0
0
0
0
1
0
0
0
0
0
0
0
0
0
0
0
0
0
0
0
0
0
0
0
0
0
0
0
0
0
0
0
0
0
0
0
0
0
0
1
0
0
0
0
0
0
0
0
0
1
0
0
0
0
0
0
0
0
0
0
0
0
0
0
0
0
0
1
0
1
0
0
0
0
0
0
0
0
0
0
0
0
0
1
0
1
0
0
1
0
1
1
3
0
0
1
0
1
0
1
0
1
2
3
2
0
1
0
0
0
0
1
0
0
0
0
1
0
2
2
1
0
1
0
1
0
0
0
0
0
1
0
0
1
1
0
1
1
1
0
2
2
0
2
2
0
0
0
0
1
0
0
1
0
1
0
1
0
0
0
3
2
1
0
0
0
1
0
0
0
1
0
1
0
0
1
0
0
1
0
2
0
0
1
2
4
0
2
1
0
0
0
0
2
0
0
1
1
1
1
1
2
0
1
0
2
0
2
2
0
0
0
2
0
1
0
1
1
1
1
0
0
0
0
0
0
1
0
2
1
1
2
1
0
0
1
2
2
0
2
0
2
0
0
1
0
0
0
1
0
1
0
1
0
0
1
0
0
1
1
0
0
0
1
0
0
0
1
2
0
2
2
1
0
0
0
0
0
0
2
0
0
0
1
0
2
1
0
1
0
1
0
1
0
0
1
1
0
1
0
1
1
0
0
1
0
0
0
1
0
0
1
0
1
1
1
1
2
0
0
1
0
0
0
2
1
0
0
2
0
0
0
0
1
0
1
1
0
0
1
0
0
1
1
0
1
2
0
1
2
0
1
0
0
0
0
0
1
0
0
0
2
0
1
0
1
1
0
1
0
2
0
1
1
0
0
1
1
1
0
3
0
2
1
0
0
0
0
0
2
0
0
1
0
0
0
1
0
0
0
0
3
2
1
2
1
0
1
1
1
0
1
1
1
0
0
0
1
1
2
2
0
1
0
1
0
2
0
0
1
1
1
0
3
0
0
1
0
0
3
1
1
0
0
0
1
0
1
1
0
0
2
0
1
0
1
0
3
0
1
0
0
0
1
2
0
2
1
0
0
0
1
0
1
0
0
2
1
0
0
0
0
4
1
1
2
0
0
1
1
2
1
0
4
0
0
1
1
0
1
0
1
0
0
2
2
0
1
0
0
0
0
1
0
1
0
1
1
0
0
0
1
0
1
0
0
0
0
0
0
0
0
0
1
1
2
1
3
0
1
3
0
1
0
0
0
1
0
1
0
1
0
0
0
0
0
2
1
0
0
0
0
1
0
0
0
0
1
0
0
0
0
2
0
0
0
1
1
0
0
0
0
1
1
0
1
2
0
1
0
3
1
1
0
0
2
0
0
0
0
0
0
0
0
1
1
1
0
0
0
1
1
0
0
0
0
1
0
0
0
3
1
2
0
2
0
0
1
1
2
1
1
2
1
0
0
1
0
0
0
0
2
0
0
1
0
0
0
1
2
0
0
3
0
1
0
0
2
0
0
0
0
0
0
2
0
0
0
0
0
1
0
4
1
0
0
1
0
0
0
2
0
0
0
1
0
0
0
1
2
0
1
0
0
0
0
0
0
0
0
1
0
1
2
0
2
0
1
0
0
2
0
0
0
0
0
1
1
1
0
0
1
1
1
1
1
0
0
0
0
0
1
0
1
0
1
1
1
0
1
0
1
0
0
0
1
1
0
1
1
2
1
1
0
1
0
2
0
0
1
0
0
0
1
1
1
3
2
0
0
0
0
0
0
1
1
0
3
0
0
0
0
1
1
0
4
2
1
1
1
0
0
2
0
0
1
0
2
1
2
0
2
1
1
1
2
1
0
0
0
0
0
1
2
0
0
0
0
0
2
0
0
2
0
1
1
1
0
1
3
0
0
2
2
0
1
0
1
3
0
2
1
2
0
1
1
0
0
1
1
0
0
2
0
0
0
1
2
1
1
0
1
0
0
2
1
1
2
0
1
1
0
2
2
1
0
0
0
0
1
3
1
1
0
1
2
0
0
0
1
2
0
0
0
0
2
2
0
1
2
0
1
2
0
0
1
2
0
2
1
0
0
1
0
0
1
3
0
0
1
2
0
0
1
0
1
1
0
1
1
2
1
0
0
1
0
1
0
0
0
0
0
0
0
2
3
0
2
1
1
2
1
0
0
0
1
1
1
1
2
1
1
1
0
1
0
2
0
1
1
0
1
0
0
1
0
0
0
3
1
1
1
0
2
0
0
1
2
0
2
0
1
0
2
1
3
1
1
0
2
1
0
0
2
0
1
1
1
1
2
1
1
1
1
2
1
2
0
0
0
1
0
0
3
1
1
1
1
0
3
1
0
0
1
1
1
0
1
0
0
1
1
2
0
0
0
0
0
0
2
0
2
2
0
0
1
1
0
1
0
2
0
0
2
0
0
0
1
1
1
1
0
1
0
0
0
0
0
1
0
1
3
0
2
1
1
2
1
0
3
0
1
1
2
0
3
0
0
2
2
0
1
0
1
1
0
1
1
0
1
0
2
0
2
0
3
1
1
3
2
2
3
2
0
2
0
2
1
1
0
1
0
1
0
1
1
1
0
0
0
1
0
0
0
0
0
0
2
2
1
0
0
1
0
1
5
0
0
1
0
0
2
0
0
1
0
1
5
1
1
1
0
0
2
0
1
2
1
1
0
1
0
2
2
2
1
1
0
1
1
3
0
1
2
2
2
1
0
0
1
2
1
0
2
1
0
1
0
0
1
3
1
1
1
1
1
0
1
1
0
1
0
1
1
1
1
1
3
0
0
0
1
2
2
0
1
1
1
1
0
3
1
0
1
0
0
0
0
0
1
0
1
0
1
0
2
1
0
0
1
0
0
2
0
1
0
2
2
0
2
3
1
0
1
3
3
2
2
0
0
1
1
0
1
1
0
1
0
0
0
1
1
0
1
1
0
2
1
0
1
2
0
2
1
1
1
0
1
0
1
0
0
0
0
0
4
1
1
2
0
1
2
1
3
0
1
0
1
2
3
1
3
1
0
0
1
0
0
0
0
0
0
3
1
0
0
1
0
0
0
0
0
2
1
0
0
0
0
1
1
0
1
1
0
0
2
1
1
2
2
0
1
2
1
0
0
2
1
1
1
0
1
1
2
1
1
1
1
1
1
0
1
0
1
2
0
0
1
0
1
3
1
1
4
1
2
1
1
1
1
1
0
2
0
2
2
0
0
2
0
1
1
0
1
1
1
3
1
1
1
0
1
3
1
0
3
1
0
1
0
1
1
0
1
1
2
0
1
1
1
0
0
0
0
1
1
2
2
0
1
3
2
0
2
2
0
3
0
0
0
0
1
1
2
1
0
0
0
0
1
1
0
1
1
2
1
1
1
0
1
0
0
1
0
1
1
1
0
0
2
1
3
2
1
2
1
0
1
2
0
1
1
2
1
3
2
1
1
5
0
1
0
0
0
0
1
0
0
2
1
1
1
0
2
1
0
2
0
1
0
1
2
0
2
1
0
0
1
3
1
1
0
2
1
2
0
1
1
0
1
4
5
0
0
1
0
0
2
0
0
2
2
0
1
0
3
1
2
2
0
0
0
1
0
2
1
3
0
4
1
1
2
0
0
4
3
2
1
2
0
0
1
0
1
1
1
0
0
2
0
1
2
1
0
1
2
1
2
0
1
2
0
0
2
1
3
2
3
1
1
2
1
2
1
1
1
1
2
3
1
0
1
2
1
0
2
2
0
0
0
2
1
3
2
1
3
0
1
2
0
0
2
3
1
3
0
4
2
0
2
0
1
3
2
0
3
1
2
0
1
1
3
3
0
4
1
3
2
1
3
2
2
0
2
3
1
2
1
1
3
2
2
0
1
1
0
3
1
0
1
1
2
0
1
1
2
0
2
1
0
1
2
1
0
3
2
4
2
1
2
1
1
0
0
3
1
0
0
0
2
1
1
3
3
2
4
0
0
1
1
1
3
2
3
2
1
2
0
1
1
0
3
1
0
2
3
2
0
2
0
0
0
2
2
1
1
0
0
3
0
2
2
1
0
0
3
0
4
2
0
1
1
1
0
1
2
1
0
3
1
5
0
0
0
2
0
0
1
3
2
3
2
1
1
2
1
1
0
1
2
0
3
0
2
0
2
3
0
0
0
5
0
0
0
1
4
1
0
2
1
1
1
1
1
1
2
0
1
2
2
0
1
2
2
1
1
4
3
2
1
1
2
2
0
1
1
2
0
0
2
3
2
2
2
1
2
0
2
2
1
0
0
0
0
1
3
1
2
3
3
1
2
1
1
1
1
5
1
2
1
0
2
1
3
0
1
1
1
1
1
1
0
1
2
3
0
3
1
2
1
2
2
0
2
1
1
2
1
0
0
4
0
1
1
1
3
0
0
1
2
0
1
1
2
0
0
2
1
0
3
1
1
3
3
0
4
1
1
1
3
2
3
1
2
2
1
0
1
3
1
1
0
2
3
0
3
1
2
2
1
1
0
2
1
2
0
1
0
0
1
2
1
1
3
4
0
2
1
2
4
1
2
0
0
1
2
1
5
2
0
1
2
2
2
1
1
2
3
0
3
0
4
1
1
2
1
2
0
1
0
0
1
1
1
1
0
2
1
0
1
0
0
1
2
0
0
1
0
1
1
2
0
0
3
2
2
0
1
3
1
2
1
1
1
1
1
0
0
0
1
0
0
1
0
2
0
2
0
2
1
0
2
1
0
0
1
3
0
0
2
0
1
0
2
0
0
1
0
1
0
0
0
2
4
3
2
0
2
2
2
3
1
2
1
1
0
0
0
1
0
0
0
3
1
1
2
2
0
2
1
1
0
1
0
4
3
1
0
1
0
0
2
0
2
1
2
2
2
2
1
4
2
2
0
2
0
1
0
1
1
1
3
1
0
1
1
0
0
1
0
0
1
1
0
0
2
2
0
1
1
2
0
1
2
0
0
0
0
1
5
1
2
3
0
1
3
2
0
2
2
2
2
0
1
1
2
1
2
1
2
0
1
0
0
0
2
2
3
2
1
0
2
1
1
2
2
1
5
2
1
1
1
3
3
2
1
1
1
1
0
0
2
1
3
2
1
2
3
1
4
2
1
1
0
1
2
2
1
1
0
0
0
0
1
1
1
1
1
6
0
0
1
1
0
0
2
0
2
2
0
0
2
2
2
1
1
0
1
0
0
0
1
2
0
2
1
0
1
1
0
1
1
1
2
0
2
1
0
0
0
0
1
2
2
7
1
0
1
3
0
5
1
1
1
3
0
0
0
0
5
1
0
0
1
1
0
0
2
4
0
0
3
1
2
1
1
3
3
0
1
1
1
0
1
1
2
0
0
0
2
1
1
1
1
0
2
2
1
1
1
0
1
1
2
0
2
1
0
2
1
0
3
1
3
3
1
0
2
1
0
0
1
1
1
2
2
2
1
1
3
0
2
1
1
0
5
1
1
1
2
1
1
1
1
0
3
5
0
5
0
3
1
0
1
2
2
1
3
0
0
0
1
1
0
2
1
0
1
0
1
1
0
2
0
1
0
1
2
0
1
0
0
1
0
1
0
2
1
1
0
0
0
0
2
1
3
0
0
1
1
0
3
0
0
0
2
1
1
1
1
3
1
0
2
1
1
0
1
2
2
0
0
2
3
1
1
1
2
0
1
2
1
0
0
2
1
2
1
0
1
2
0
2
3
0
2
1
1
2
1
0
1
0
0
2
1
2
0
0
1
1
1
1
1
2
2
2
1
1
1
2
1
1
0
1
1
1
0
0
0
0
2
1
1
1
2
0
1
2
1
2
2
0
0
1
3
1
0
0
1
1
3
1
1
1
3
4
1
2
3
0
0
1
0
3
0
0
0
1
1
0
0
0
3
1
3
0
1
0
0
0
2
3
0
0
2
1
0
1
2
2
1
0
3
0
1
1
1
0
1
1
1
1
2
1
2
2
0
1
2
1
2
1
2
1
1
0
0
3
1
2
1
1
0
0
0
1
1
0
0
0
1
0
0
1
1
0
0
2
1
0
0
0
2
1
1
1
0
1
1
1
2
2
2
2
0
1
0
2
0
0
1
1
5
1
2
1
0
1
0
1
0
0
1
0
0
1
2
0
0
0
0
0
2
1
0
1
1
3
2
0
1
2
2
2
1
2
1
0
0
2
0
1
0
1
0
2
0
1
1
1
0
0
0
3
1
2
0
1
0
1
1
1
1
2
0
0
2
3
4
0
1
1
0
1
0
1
2
2
0
1
3
1
1
1
1
3
1
1
0
0
1
1
1
2
1
1
2
2
1
4
0
3
0
0
0
2
0
3
0
2
2
1
0
1
1
1
0
2
0
0
1
1
0
0
0
1
3
2
0
0
0
0
1
0
1
4
1
2
1
0
1
1
0
2
1
2
2
1
0
0
0
1
1
2
0
1
1
3
0
1
0
1
0
1
0
1
3
0
1
3
1
0
0
0
2
0
3
0
1
1
2
1
1
1
2
1
1
2
1
0
2
2
0
1
0
1
1
2
5
0
1
1
0
0
1
0
0
1
1
0
0
3
0
0
2
2
1
1
1
0
1
2
1
0
2
1
1
2
0
1
1
0
1
1
0
0
0
0
0
0
1
1
2
1
0
1
1
0
2
1
0
0
1
3
0
2
1
0
1
2
2
2
0
1
0
1
4
0
1
0
0
0
1
1
1
1
0
0
0
2
1
1
1
2
0
1
1
1
2
0
1
1
1
0
3
1
0
2
0
0
0
0
0
2
1
0
0
0
1
0
1
1
0
0
1
0
0
0
1
0
0
0
0
2
0
3
0
1
1
0
1
0
1
1
0
0
0
1
1
2
1
1
3
0
1
0
1
0
0
1
0
1
1
0
2
0
1
1
1
0
0
0
0
2
0
0
1
2
0
1
0
1
1
0
1
1
0
0
1
0
2
2
1
2
2
0
1
1
0
0
2
0
2
0
0
1
0
0
1
1
1
0
1
2
0
1
1
0
1
1
0
1
1
0
0
2
0
1
0
0
0
0
0
1
0
0
0
0
0
2
1
0
0
1
1
0
0
1
0
1
0
1
0
0
0
0
1
1
2
0
1
0
0
0
0
0
1
1
0
0
0
1
2
0
0
5
2
1
0
1
2
0
0
0
1
1
1
1
2
0
0
1
0
1
1
0
1
0
2
1
0
0
0
1
0
1
0
0
2
1
0
0
1
0
1
0
1
0
1
0
0
0
1
0
0
2
1
1
1
0
1
2
0
0
0
1
1
0
3
0
0
1
1
1
1
0
0
0
0
0
1
0
3
0
1
2
0
2
0
2
2
0
2
0
0
0
2
2
1
0
2
0
0
1
3
1
0
0
1
1
1
0
2
0
0
1
0
0
0
0
1
0
1
1
2
0
0
0
1
1
1
0
0
0
0
3
3
0
0
0
1
0
1
0
1
2
0
0
2
0
0
2
0
0
1
1
1
2
0
2
0
1
0
1
1
1
2
2
1
2
1
0
1
1
2
0
2
1
0
1
0
2
1
0
0
2
1
1
1
0
0
4
0
0
1
1
0
1
2
2
2
0
0
1
0
1
2
0
1
2
2
1
0
4
3
2
7
3
10
5
5
5
1
3
3
3
1
0
5
1
0
0
1
0
0
0
0
0
0
0
0
0
0
0
0
0
0
0
0
0
1
0
1
0
0
0
0
0
0
0
0
0
0
0
0
0
0
0
0
0
0
0
0
0
0
0
0
0
0
0
0
0
0
0
0
0
0
0
0
0
0
0
0
0
0
0
0
0
0
0
0
0
0
0
0
0
0
0
0
0
0
0
0
0
0
0
0
0
0
0
0
0
0
0
0
0
0
0
0
0
0
0
0
0
0
0
0
0
0
0
0
0
0
0
0
0
0
0
0
0
0
0
0
0
0
0
0
0
0
0
0
0
0
0
0
0
0
0
0
0
0
0
0
0
0
0
0
0
0
0
0
0
0
0
0
0
0
0
0
0
0
0
0
0
0
0
0
0
0
0
0
0
0
0
0
0
0
0
0
0
0
0
0
0
0
0
0
0
0
0
0
0
0
0
0
0
0
0
0
0
0
0
0
0
0
0
0
0
0
0
0
0
0
0
0
0
0
0
0
0
0
0
0
0
0
0
0
0
0
0
0
0
0
0
0
0
0
0
0
0
0
0
0
0
0
0
0
0
0
0
0
0
0
0
0
0
0
0
0
0
0
0
0
0
0
0
0
0
0
0
0
0
0
0
0
0
0
0
0
0
0
0
0
0
0
0
0
0
0
0
0
0
0
0
0
0
0
0
0
0
0
0
0
0
0
0
0
0
0
0
0
0
0
0
0
0
0
0
0
0
0
0
0
0
0
0
0
0
0
0
0
0
0
0
0
0
0
0
0
0
0
0
0
0
0
0
0
0
0
0
0
0
0
0
0
0
0
0
0
0
0
0
0
0
0
0
0
0
0
0
0
0
0
0
0
0
0
0
0
0
0
0
0
0
0
0
0
0
0
0
0
0
0
0
0
0
0
0
0
0
0
0
0
0
0
0
0
0
0
0
0
0
0
0
0
0
0
0
0
0
0
0
0
0
0
0
0
0
0
0
0
0
0
0
0
0
0
0
0
0
0
0
0
0
0
0
0
0
0
0
0
0
0
0
0
0
0
0
0
0
0
0
0
0
0
0
0
0
0
0
0
0
0
0
0
0
0
0
0
0
0
0
0
0
0
0
0
0
0
0
0
0
0
0
0
0
0
0
0
0
0
0
0
0
0
0
0
0
0
0
0
0
0
0
0
0
0
0
0
0
0
0
0
0
0
0
0
0
0
0
0
0
0
0
0
0
0
0
0
0
0
0
0
0
0
0
0
0
0
0
0
0
0
0
0
0
0
0
0
0
0
0
0
0
0
0
0
0
0
0
0
0
0
0
0
0
0
0
0
0
0
0
0
0
0
0
0
0
0
0
0
0
0
0
0
0
0
0
0
0
0
0
0
0
0
0
0
0
0
0
0
0
0
0
0
0
0
0
0
0
0
0
0
0
0
0
0
0
0
0
0
0
0
0
0
0
0
0
0
0
0
0
0
0
0
0
0
0
0
0
0
0
0
0
0
0
0
0
0
0
0
0
0
0
0
0
0
0
0
0
0
0
0
0
0
0
0
0
0
0
0
0
0
0
0
0
0
0
0
0
0
0
0
0
0
0
0
0
0
0
0
0
0
0
0
0
0
0
0
0
0
0
0
0
0
0
0
0
0
0
0
0
0
0
0
0
0
0
0
0
0
0
0
0
0
0
0
0
0
0
0
0
0
0
0
0
0
0
0
0
0
0
0
0
0
0
0
0
0
0
0
0
0
0
0
0
0
0
0
0
0
0
0
0
0
0
0
0
0
0
0
0
0
0
0
0
0
0
0
0
0
0
0
0
0
0
0
0
0
0
0
0
0
0
0
0
0
0
0
0
0
0
0
0
0
0
0
0
0
0
0
0
0
0
0
0
0
0
0
0
0
0
0
0
0
0
0
0
0
0
0
0
0
0
0
0
0
0
0
0
0
0
0
0
0
0
0
0
0
0
0
0
0
0
0
0
0
0
0
0
0
0
0
0
0
0
0
0
0
0
0
0
0
0
0
0
0
0
0
0
0
0
0
0
0
0
0
0
0
0
0
0
0
0
0
0
0
0
0
0
0
0
0
0
0
0
0
0
0
0
0
0
0
0
0
0
0
0
0
0
0
0
0
0
0
0
0
0
0
0
0
0
0
0
0
0
0
0
0
0
0
0
0
0
0
0
0
0
0
0
0
0
0
0
0
0
0
0
0
0
0
0
0
0
0
0
0
0
0
0
0
0
0
0
0
0
0
0
0
0
0
0
0
0
0
0
0
0
0
0
0
0
0
0
0
0
0
0
0
0
0
0
0
0
0
0
0
0
0
0
0
0
0
0
0
0
0
0
0
0
0
0
0
0
0
0
0
0
0
0
0
0
0
0
0
0
0
0
0
0
0
0
0
0
0
0
0
0
0
0
0
0
0
0
0
0
0
0
0
0
0
0
0
0
0
0
0
0
0
0
0
0
0
0
0
0
0
0
0
0
0
0
0
0
0
0
0
0
0
0
0
0
0
0
0
0
0
0
0
0
0
0
0
0
0
0
0
0
0
0
0
0
0
0
0
0
0
0
0
0
0
0
0
0
0
0
0
0
0
0
0
0
0
0
0
0
0
0
0
0
0
0
0
0
0
0
0
0
0
0
0
0
0
0
0
0
0
0
0
0
0
0
0
0
0
0
0
0
0
0
0
0
0
0
0
0
0
0
0
0
0
0
0
0
0
0
0
0
0
0
0
0
0
0
0
0
0
0
0
0
0
0
0
0
0
0
0
0
0
0
0
0
0
0
0
0
0
0
0
0
0
0
0
0
0
0
0
0
0
0
0
0
0
0
0
0
0
0
0
0
0
0
0
0
0
0
0
0
0
0
0
0
0
0
0
0
0
0
0
0
0
0
0
0
0
0
0
0
0
0
0
0
0
0
0
0
0
0
0
0
0
0
0
0
0
0
0
0
0
0
0
0
0
0
0
0
0
0
0
0
0
0
0
0
0
0
0
0
0
0
0
0
0
0
0
0
0
0
0
0
0
0
0
0
0
0
0
0
0
0
0
0
0
0
0
0
0
0
0
0
0
0
0
0
0
0
0
0
0
0
0
0
0
0
0
0
0
0
0
0
0
0
0
0
0
0
0
0
0
0
0
0
0
0
0
0
0
0
0
0
0
0
0
0
0
0
0
0
0
0
0
0
0
0
0
0
0
0
0
0
0
0
0
0
0
0
0
0
0
0
0
0
0
0
0
0
0
0
0
0
0
0
0
0
0
0
0
0
0
0
0
0
0
0
0
0
0
0
0
0
0
0
0
0
0
0
0
0
0
0
0
0
0
0
0
0
0
0
0
0
0
0
0
0
0
0
0
0
0
0
0
0
0
0
0
0
0
0
0
0
0
0
0
0
0
0
0
0
0
0
0
0
0
0
0
0
0
0
0
0
0
0
0
0
0
0
0
0
0
0
0
0
0
0
0
0
0
0
0
0
0
0
0
0
0
0
0
0
0
0
0
0
0
0
0
0
0
0
0
0
0
0
0
0
0
0
0
0
0
0
0
0
0
0
0
0
0
0
0
0
0
0
0
0
0
0
0
0
0
0
0
0
0
0
0
0
0
0
0
0
0
0
0
0
0
0
0
0
0
0
0
0
0
0
0
0
0
0
0
0
0
0
0
0
0
0
0
0
0
0
0
0
0
0
0
0
0
0
0
0
0
0
0
0
0
0
0
0
0
0
0
0
0
0
0
0
0
0
0
0
0
0
0
0
0
0
0
0
0
0
0
0
0
0
0
0
0
0
0
0
0
0
0
0
0
0
0
0
0
0
0
0
0
0
0
0
0
0
0
0
0
0
0
0
0
0
0
0
0
0
0
0
0
0
0
0
0
0
0
0
0
0
0
0
0
0
0
0
0
0
0
0
0
0
0
0
0
0
0
0
0
0
0
0
0
0
0
0
0
0
0
0
0
0
0
0
0
0
0
0
0
0
0
0
0
0
0
0
0
0
0
0
0
0
0
0
0
0
0
0
0
0
0
0
0
0
0
0
0
0
0
0
0
0
0
0
0
0
0
0
0
0
0
0
0
0
0
0
0
0
0
0
0
0
0
0
0
0
0
0
0
0
0
0
0
0
0
0
0
0
0
0
0
0
0
0
0
0
0
0
0
0
0
0
0
0
0
0
0
0
0
0
0
0
0
0
0
0
0
0
0
0
0
0
0
0
0
0
0
0
0
0
0
0
0
0
0
0
0
0
0
0
0
0
0
0
0
0
0
0
0
0
0
0
0
0
0
0
0
0
0
0
0
0
0
0
0
0
0
0
0
0
0
0
0
0
0
0
0
0
0
0
0
0
0
0
0
0
0
0
0
0
0
0
0
0
0
0
0
0
0
0
0
0
0
0
0
0
0
0
0
0
0
0
0
0
0
0
0
0
0
0
0
0
0
0
0
0
0
0
0
0
0
0
0
0
0
0
0
0
0
0
0
0
0
0
0
0
0
0
0
0
0
0
0
0
0
0
0
0
0
0
0
0
0
0
0
0
0
0
0
0
0
0
0
0
0
0
0
0
0
0
0
0
0
0
0
0
0
0
0
0
0
0
0
0
0
0
0
0
0
0
0
0
0
0
0
0
0
0
0
0
0
0
0
0
0
0
0
0
0
0
0
0
0
0
0
0
0
0
0
0
0
0
0
0
0
0
0
0
0
0
0
0
0
0
0
0
0
0
0
0
0
0
0
0
0
0
0
0
0
0
0
0
0
0
0
0
0
0
0
0
0
0
0
0
0
0
0
0
0
0
0
0
0
0
0
0
0
0
0
0
0
0
0
0
0
0
0
0
0
0
0
0
0
0
0
0
0
0
0
0
0
0
0
0
0
0
0
0
0
0
0
0
0
0
0
0
0
0
0
0
0
0
0
0
0
0
0
0
0
0
0
0
0
0
0
0
0
0
0
0
0
0
0
0
0
0
0
0
0
0
0
0
0
0
0
0
0
0
0
0
0
0
0
0
0
0
0
0
0
0
0
0
0
0
0
0
0
0
0
0
0
0
0
0
0
0
0
0
0
0
0
0
0
0
0
0
0
0
0
0
0
0
0
0
0
0
0
0
0
0
0
0
0
0
0
0
0
0
0
0
0
0
0
0
0
0
0
0
0
0
0
0
0
0
0
0
0
0
0
0
0
0
0
0
0
0
0
0
0
0
0
0
0
0
0
0
0
0
0
0
0
0
0
0
0
0
0
0
0
0
0
0
0
0
0
0
0
0
0
0
0
0
0
0
0
0
0
0
0
0
0
0
0
0
0
0
0
0
0
0
0
0
0
0
0
0
0
0
0
0
0
0
0
0
0
0
0
0
0
0
0
0
0
0
0
0
0
0
0
0
0
0
0
0
0
0
0
0
0
0
0
0
0
0
0
0
0
0
0
0
0
0
0
0
0
0
0
0
0
0
0
0
0
0
0
0
0
0
0
0
0
0
0
0
0
0
0
0
0
0
0
0
0
0
0
0
0
0
0
0
0
0
0
0
0
0
0
0
0
0
0
0
0
0
0
0
0
0
0
0
0
0
0
0
0
0
0
0
0
0
0
0
0
0
0
0
0
0
0
0
0
0
0
0
0
0
0
0
0
0
0
0
0
0
0
0
0
0
0
0
0
0
0
0
0
0
0
0
0
0
0
0
0
0
0
0
0
0
0
0
0
0
0
0
0
0
0
0
0
0
0
0
0
0
0
0
0
0
0
0
0
0
0
0
0
0
0
0
0
0
0
0
0
0
0
0
0
0
0
0
0
0
0
0
0
0
0
0
0
0
0
0
0
0
0
0
0
0
0
0
0
0
0
0
0
0
0
0
0
0
0
0
0
0
0
0
0
0
0
0
0
0
0
0
0
0
0
0
0
0
0
0
0
0
0
0
0
0
0
0
0
0
0
0
0
0
0
0
0
0
0
0
0
0
0
0
0
0
0
0
0
0
0
0
0
0
0
0
0
0
0
0
0
0
0
0
0
0
0
0
0
0
0
0
0
0
0
0
0
0
0
0
0
0
0
0
0
0
0
0
0
0
0
0
0
0
0
0
0
0
0
0
0
0
0
0
0
0
0
0
0
0
0
0
0
0
0
0
0
0
0
0
0
0
0
0
0
0
0
0
0
0
0
0
0
0
0
0
0
0
0
0
0
0
0
0
0
0
0
0
0
0
0
0
0
0
0
0
0
0
0
0
0
0
0
0
0
0
0
0
0
0
0
0
0
0
0
0
0
0
0
0
0
0
0
0
0
0
0
0
0
0
0
0
0
0
0
0
0
0
0
0
0
0
0
0
0
0
0
0
0
0
0
0
0
0
0
0
0
0
0
0
0
0
0
0
0
0
0
0
0
0
0
0
0
0
0
0
0
0
0
0
0
0
0
0
0
0
0
0
0
0
0
0
0
0
0
0
0
0
0
0
0
0
0
0
0
0
0
0
0
0
0
0
0
0
0
0
0
0
0
0
0
0
0
0
0
0
0
0
0
0
0
0
0
0
0
0
0
0
0
0
0
0
0
0
0
0
0
0
0
0
0
0
0
0
0
0
0
0
0
0
0
0
0
0
0
0
0
0
0
0
0
0
0
0
0
0
0
0
0
0
0
0
0
0
0
0
0
0
0
0
0
0
0
0
0
0
0
0
0
0
0
0
0
0
0
0
0
0
0
0
0
0
0
0
0
0
0
0
0
0
0
0
0
0
0
0
0
0
0
0
0
0
0
0
0
0
0
0
0
0
0
0
0
0
0
0
0
0
0
0
0
0
0
0
0
0
0
0
0
0
0
0
0
0
0
0
0
0
0
0
0
0
0
0
0
0
0
0
0
0
0
0
0
0
0
0
0
0
0
0
0
0
0
0
0
0
0
0
0
0
0
0
0
0
0
0
0
0
0
0
0
0
0
0
0
0
0
0
0
0
0
0
0
0
0
0
0
0
0
0
0
0
0
0
0
0
0
0
0
0
0
0
0
0
0
0
0
0
0
0
0
0
0
0
0
0
0
0
0
0
0
0
0
0
0
0
0
0
0
0
0
0
0
0
0
0
0
0
0
0
0
0
0
0
0
0
0
0
0
0
0
0
0
0
0
0
0
0
0
0
0
0
0
0
0
0
0
0
0
0
0
0
0
0
0
0
0
0
0
0
0
0
0
0
0
0
0
0
0
0
0
0
0
0
0
0
0
0
0
0
0
0
0
0
0
0
0
0
0
0
0
0
0
0
0
0
0
0
0
0
0
0
0
0
0
0
0
0
0
0
0
0
0
0
0
0
0
0
0
0
0
0
0
0
0
0
0
0
0
0
0
0
0
0
0
0
0
0
0
0
0
0
0
0
0
0
0
0
0
0
0
0
0
0
0
0
0
0
0
0
0
0
0
0
0
0
0
0
0
0
0
0
0
0
0
0
0
0
0
0
0
0
0
0
0
0
0
0
0
0
0
0
0
0
0
0
0
0
0
0
0
0
0
0
0
0
0
0
0
0
0
0
0
0
0
0
0
0
0
0
0
0
0
0
0
0
0
0
0
0
0
0
0
0
0
0
0
0
0
0
0
0
0
0
0
0
0
0
0
0
0
0
0
0
0
0
0
0
0
0
0
0
0
0
0
0
0
0
0
0
0
0
0
0
0
0
0
0
0
0
0
0
0
0
0
0
0
0
0
0
0
0
0
0
0
0
0
0
0
0
0
0
0
0
0
0
0
0
0
0
0
0
0
0
0
0
0
0
0
0
0
0
0
0
0
0
0
0
0
0
0
0
0
0
0
0
0
0
0
0
0
0
0
0
0
0
0
0
0
0
0
0
0
0
0
0
0
0
0
0
0
0
0
0
0
0
0
0
0
0
0
0
0
0
0
0
0
0
0
0
0
0
0
0
0
0
0
0
0
0
0
0
0
0
0
0
0
0
0
0
0
0
0
0
0
0
0
0
0
0
0
0
0
0
0
0
0
0
0
0
0
0
0
0
0
0
0
0
0
0
0
0
0
0
0
0
0
0
0
0
0
0
0
0
0
0
0
0
0
0
0
0
0
0
0
0
0
0
0
0
0
0
0
0
0
0
0
0
0
0
0
0
0
0
0
0
0
0
0
0
0
0
0
0
0
0
0
0
0
0
0
0
0
0
0
0
0
0
0
0
0
0
0
0
0
0
0
0
0
0
0
0
0
0
0
0
0
0
0
0
0
0
0
0
0
0
0
0
0
0
0
0
0
0
0
0
0
0
0
0
0
0
0
0
0
0
0
0
0
0
0
0
0
0
0
0
0
0
0
0
0
0
0
0
0
0
0
0
0
0
0
0
0
0
0
0
0
0
0
0
0
0
0
0
0
0
0
0
0
0
0
0
0
0
0
0
0
0
0
0
0
0
0
0
0
0
0
0
0
0
0
0
0
0
0
0
0
0
0
0
0
0
0
0
0
0
0
0
0
0
0
0
0
0
0
0
0
0
0
0
0
0
0
0
0
0
0
0
0
0
0
0
0
0
0
0
0
0
0
0
0
0
0
0
0
0
0
0
0
0
0
0
0
0
0
0
0
0
0
0
0
0
0
0
0
0
0
0
0
0
0
0
0
0
0
0
0
0
0
0
0
0
0
0
0
0
0
0
0
0
0
0
0
0
0
0
0
0
0
0
0
0
0
0
0
0
0
0
0
0
0
0
0
0
0
0
0
0
0
0
0
0
0
0
0
0
0
0
0
0
0
0
0
0
0
0
0
0
0
0
0
0
0
0
0
0
0
0
0
0
0
0
0
0
0
0
0
0
0
0
0
0
0
0
0
0
0
0
0
0
0
0
0
0
0
0
0
0
0
0
0
0
0
0
0
0
0
0
0
0
0
0
0
0
0
0
0
0
0
0
0
0
0
0
0
0
0
0
0
0
0
0
0
0
0
0
0
0
0
0
0
0
0
0
0
0
0
0
0
0
0
0
0
0
0
0
0
0
0
0
0
0
0
0
0
0
0
0
0
0
0
0
0
0
0
0
0
0
0
0
0
0
0
0
0
0
0
0
0
0
0
0
0
0
0
0
0
0
0
0
0
0
0
0
0
0
0
0
0
0
0
0
0
0
0
0
0
0
0
0
0
0
0
0
0
0
0
0
0
0
0
0
0
0
0
0
0
0
0
0
0
0
0
0
0
0
0
0
0
0
0
0
0
0
0
0
0
0
0
0
0
0
0
0
0
0
0
0
0
0
0
0
0
0
0
0
0
0
0
0
0
0
0
0
0
0
0
0
0
0
0
0
0
0
0
0
0
0
0
0
0
0
0
0
0
0
0
0
0
0
0
0
0
0
0
0
0
0
0
0
0
0
0
0
0
0
0
0
0
0
0
0
0
0
0
0
0
0
0
0
0
0
0
0
0
0
0
0
0
0
0
0
0
0
0
0
0
0
0
0
0
0
0
0
0
0
0
0
0
0
0
0
0
0
0
0
0
0
0
0
0
0
0
0
0
0
0
0
0
0
0
0
0
0
0
0
0
0
0
0
0
0
0
0
0
0
0
0
0
0
0
0
0
0
0
0
0
0
0
0
0
0
0
0
0
0
0
0
0
0
0
0
0
0
0
0
0
0
0
0
0
0
0
0
0
0
0
0
0
0
0
0
0
0
0
0
0
0
0
0
0
0
0
0
0
0
0
0
0
0
0
0
0
0
0
0
0
0
0
0
0
0
0
0
0
0
0
0
0
0
0
0
0
0
0
0
0
0
0
0
0
0
0
0
0
0
0
0
0
0
0
0
0
0
0
0
0
0
0
0
0
0
0
0
0
0
0
0
0
0
0
0
0
0
0
0
0
0
0
0
0
0
0
0
0
0
0
0
0
0
0
0
0
0
0
0
0
0
0
0
0
0
0
0
0
0
0
0
0
0
0
0
0
0
0
0
0
0
0
0
0
0
0
0
0
0
0
0
0
0
0
0
0
0
0
0
0
0
0
0
0
0
0
0
0
0
0
0
0
0
0
0
0
0
0
0
0
0
0
0
0
0
0
0
0
0
0
0
0
0
0
0
0
0
0
0
0
0
0
0
0
0
0
0
0
0
0
0
0
0
0
0
0
0
0
0
0
0
0
0
0
0
0
0
0
0
0
0
0
0
0
0
0
0
0
0
0
0
0
0
0
0
0
0
0
0
0
0
0
0
0
0
0
0
0
0
0
0
0
0
0
0
0
0
0
0
0
0
0
0
0
0
0
0
0
0
0
0
0
0
0
0
0
0
0
0
0
0
0
0
0
0
0
0
0
0
0
0
0
0
0
0
0
0
0
0
0
0
0
0
0
0
0
0
0
0
0
0
0
0
0
0
0
0
0
0
0
0
0
0
0
0
0
0
0
0
0
0
0
0
0
0
0
0
0
0
0
0
0
0
0
0
0
0
0
0
0
0
0
0
0
0
0
0
0
0
0
0
0
0
0
0
0
0
0
0
0
0
0
0
0
0
0
0
0
0
0
0
0
0
0
0
0
0
0
0
0
0
0
0
0
0
0
0
0
0
0
0
0
0
0
0
0
0
0
0
0
0
0
0
0
0
0
0
0
0
0
0
0
0
0
0
0
0
0
0
0
0
0
0
0
0
0
0
0
0
0
0
0
0
0
0
0
0
0
0
0
0
0
0
0
0
0
0
0
0
0
0
0
0
0
0
0
0
0
0
0
0
0
0
0
0
0
0
0
0
0
0
0
0
0
0
0
0
0
0
0
0
0
0
0
0
0
0
0
0
0
0
0
0
0
0
0
0
0
0
0
0
0
0
0
0
0
0
0
0
0
0
0
0
0
0
0
0
0
0
0
0
0
0
0
0
0
0
0
0
0
0
0
0
0
0
0
0
0
0
0
0
0
0
0
0
0
0
0
0
0
0
0
0
0
0
0
0
0
0
0
0
0
0
0
0
0
0
0
0
0
0
0
0
0
0
0
0
0
0
0
0
0
0
0
0
0
0
0
0
0
0
0
0
0
0
0
0
0
0
0
0
0
0
0
0
0
0
0
0
0
0
0
0
0
0
0
0
0
0
0
0
0
0
0
0
0
0
0
0
0
0
0
0
0
0
0
0
0
0
0
0
0
0
0
0
0
0
0
0
0
0
0
0
0
0
0
0
0
0
0
0
0
0
0
0
0
0
0
0
0
0
0
0
0
0
0
0
0
0
0
0
0
0
0
0
0
0
0
0
0
0
0
0
0
0
0
0
0
0
0
0
0
0
0
0
0
0
0
0
0
0
0
0
0
0
0
0
0
0
0
0
0
0
0
0
0
0
0
0
0
0
0
0
0
0
0
0
0
0
0
0
0
0
0
0
0
0
0
0
0
0
0
0
0
0
0
0
0
0
0
0
0
0
0
0
0
0
0
0
0
0
0
0
0
0
0
0
0
0
0
0
0
0
0
0
0
0
0
0
0
0
0
0
0
0
0
0
0
0
0
0
0
0
0
0
0
0
0
0
0
0
0
0
0
0
0
0
0
0
0
0
0
0
0
0
0
0
0
0
0
0
0
0
0
0
0
0
0
0
0
0
0
0
0
0
0
0
0
0
0
0
0
0
0
0
0
0
0
0
0
0
0
0
0
0
0
0
0
0
0
0
0
0
0
0
0
0
0
0
0
0
0
0
0
0
0
0
0
0
0
0
0
0
0
0
0
0
0
0
0
0
0
0
0
0
0
0
0
0
0
0
0
0
0
0
0
0
0
0
0
0
0
0
0
0
0
0
0
0
0
0
0
0
0
0
0
0
0
0
0
0
0
0
0
0
0
0
0
0
0
0
0
0
0
0
0
0
0
0
0
0
0
0
0
0
0
0
0
0
0
0
0
0
0
0
0
0
0
0
0
0
0
0
0
0
0
0
0
0
0
0
0
0
0
0
0
0
0
0
0
0
0
0
0
0
0
0
0
0
0
0
0
0
0
0
0
0
0
0
0
0
0
0
0
0
0
0
0
0
0
0
0
0
0
0
0
0
0
0
0
0
0
0
0
0
0
0
0
0
0
0
0
0
0
0
0
0
0
0
0
0
0
0
0
0
0
0
0
0
0
0
0
0
0
0
0
0
0
0
0
0
0
0
0
0
0
0
0
0
0
0
0
0
0
0
0
0
0
0
0
0
0
0
0
0
0
0
0
0
0
0
0
0
0
0
0
0
0
0
0
0
0
0
0
0
0
0
0
0
0
0
0
0
0
0
0
0
0
0
0
0
0
0
0
0
0
0
0
0
0
0
0
0
0
0
0
0
0
0
0
0
0
0
0
0
0
0
0
0
0
0
0
0
0
0
0
0
0
0
0
0
0
0
0
0
0
0
0
0
0
0
0
0
0
0
0
0
0
0
0
0
0
0
0
0
0
0
0
0
0
0
0
0
0
0
0
0
0
0
0
0
0
0
0
0
0
0
0
0
0
0
0
0
0
0
0
0
0
0
0
0
0
0
0
0
0
0
0
0
0
0
0
0
0
0
0
0
0
0
0
0
0
0
0
0
0
0
0
0
0
0
0
0
0
0
0
0
0
0
0
0
0
0
0
0
0
0
0
0
0
0
0
0
0
0
0
0
0
0
0
0
0
0
0
0
0
0
0
0
0
0
0
0
0
0
0
0
0
0
0
0
0
0
0
0
0
0
0
0
0
0
0
0
0
0
0
0
0
0
0
0
0
0
0
0
0
0
0
0
0
0
0
0
0
0
0
0
0
0
0
0
0
0
0
0
0
0
0
0
0
0
0
0
0
0
0
0
0
0
0
0
0
0
0
0
0
0
0
0
0
0
0
0
0
0
0
0
0
0
0
0
0
0
0
0
0
0
0
0
0
0
0
0
0
0
0
0
0
0
0
0
0
0
0
0
0
0
0
0
0
0
0
0
0
0
0
0
0
0
0
0
0
0
0
0
0
0
0
0
0
0
0
0
0
0
0
0
0
0
0
0
0
0
0
0
0
0
0
0
0
0
0
0
0
0
0
0
0
0
0
0
0
0
0
0
0
0
0
0
0
0
0
0
0
0
0
0
0
0
0
0
0
0
0
0
0
0
0
0
0
0
0
0
0
0
0
0
0
0
0
0
0
0
0
0
0
0
0
0
0
0
0
0
0
0
0
0
0
0
0
0
0
0
0
0
0
0
0
0
0
0
0
0
0
0
0
0
0
0
0
0
0
0
0
0
0
0
0
0
0
0
0
0
0
0
0
0
0
0
0
0
0
0
0
0
0
0
0
0
0
0
0
0
0
0
0
0
0
0
0
0
0
0
0
0
0
0
0
0
0
0
0
0
0
0
0
0
0
0
0
0
0
0
0
0
0
0
0
0
0
0
0
0
0
0
0
0
0
0
0
0
0
0
0
0
0
0
0
0
0
0
0
0
0
0
0
0
0
0
0
0
0
0
0
0
0
0
0
0
0
0
0
0
0
0
0
0
0
0
0
0
0
0
0
0
0
0
0
0
0
0
0
0
0
0
0
0
0
0
0
0
0
0
0
0
0
0
0
0
0
0
0
0
0
0
0
0
0
0
0
0
0
0
0
0
0
0
0
0
0
0
0
0
0
0
0
0
0
0
0
0
0
0
0
0
0
0
0
0
0
0
0
0
0
0
0
0
0
0
0
0
0
0
0
0
0
0
0
0
0
0
0
0
0
0
0
0
0
0
0
0
0
0
0
0
0
0
0
0
0
0
0
0
0
0
0
0
0
0
0
0
0
0
0
0
0
0
0
0
0
0
0
0
0
0
0
0
0
0
0
0
0
0
0
0
0
0
0
0
0
0
0
0
0
0
0
0
0
0
0
0
0
0
0
0
0
0
0
0
0
0
0
0
0
0
0
0
0
0
0
0
0
0
0
0
0
0
0
0
0
0
0
0
0
0
0
0
0
0
0
0
0
0
0
0
0
0
0
0
0
0
0
0
0
0
0
0
0
0
0
0
0
0
0
0
0
0
0
0
0
0
0
0
0
0
0
0
0
0
0
0
0
0
0
0
0
0
0
0
0
0
0
0
0
0
0
0
0
0
0
0
0
0
0
0
0
0
0
0
0
0
0
0
0
0
0
0
0
0
0
0
0
0
0
0
0
0
0
0
0
0
0
0
0
0
0
0
0
0
0
0
0
0
0
0
0
0
0
0
0
0
0
0
0
0
0
0
0
0
0
0
0
0
0
0
0
0
0
0
0
0
0
0
0
0
0
0
0
0
0
0
0
0
0
0
0
0
0
0
0
0
0
0
0
0
0
0
0
0
0
0
0
0
0
0
0
0
0
0
0
0
0
0
0
0
0
0
0
0
0
0
0
0
0
0
0
0
0
0
0
0
0
0
0
0
0
0
0
0
0
0
0
0
0
0
0
0
0
0
0
0
0
0
0
0
0
0
0
0
0
0
0
0
0
0
0
0
0
0
0
0
0
0
0
0
0
0
0
0
0
0
0
0
0
0
0
0
0
0
0
0
0
0
0
0
0
0
0
0
0
0
0
0
0
0
0
0
0
0
0
0
0
0
0
0
0
0
0
0
0
0
0
0
0
0
0
0
0
0
0
0
0
0
0
0
0
0
0
0
0
0
0
0
0
0
0
0
0
0
0
0
0
0
0
0
0
0
0
0
0
0
0
0
0
0
0
0
0
0
0
0
0
0
0
0
0
0
0
0
0
0
0
0
0
0
0
0
0
0
0
0
0
0
0
0
0
0
0
0
0
0
0
0
0
0
0
0
0
0
0
0
0
0
0
0
0
0
0
0
0
0
0
0
0
0
0
0
0
0
0
0
0
0
0
0
0
0
0
0
0
0
0
0
0
0
0
0
0
0
0
0
0
0
0
0
0
0
0
0
0
0
0
0
0
0
0
0
0
0
0
0
0
0
0
0
0
0
0
0
0
0
0
0
0
0
0
0
0
0
0
0
0
0
0
0
0
0
0
0
0
0
0
0
0
0
0
0
0
0
0
0
0
0
0
0
0
0
0
0
0
0
0
0
0
0
0
0
0
0
0
0
0
0
0
0
0
0
0
0
0
0
0
0
0
0
0
0
0
0
0
0
0
0
0
0
0
0
0
0
0
0
0
0
0
0
0
0
0
0
0
0
0
0
0
0
0
0
0
0
0
0
0
0
0
0
0
0
0
0
0
0
0
0
0
0
0
0
0
0
0
0
0
0
0
0
0
0
0
0
0
0
0
0
0
0
0
0
0
0
0
0
0
0
0
0
0
0
0
0
0
0
0
0
0
0
0
0
0
0
0
0
0
0
0
0
0
0
0
0
0
0
0
0
0
0
0
0
0
0
0
0
0
0
0
0
0
0
0
0
0
0
0
0
0
0
0
0
0
0
0
0
0
0
0
0
0
0
0
0
0
0
0
0
0
0
0
0
0
0
0
0
0
0
0
0
0
0
0
0
0
0
0
0
0
0
0
0
0
0
0
0
0
0
0
0
0
0
0
0
0
0
0
0
0
0
0
0
0
0
0
0
0
0
0
0
0
0
0
0
0
0
0
0
0
0
0
0
0
0
0
0
0
0
0
0
0
0
0
0
0
0
0
0
0
0
0
0
0
0
0
0
0
0
0
0
0
0
0
0
0
0
0
0
0
0
0
0
0
0
0
0
0
0
0
0
0
0
0
0
0
0
0
0
0
0
0
0
0
0
0
0
0
0
0
0
0
0
0
0
0
0
0
0
0
0
0
0
0
0
0
0
0
0
0
0
0
0
0
0
0
0
0
0
0
0
0
0
0
0
0
0
0
0
0
0
0
0
0
0
0
0
0
0
0
0
0
0
0
0
0
0
0
0
0
0
0
0
0
0
0
0
0
0
0
0
0
0
0
0
0
0
0
0
0
0
0
0
0
0
0
0
0
0
0
0
0
0
0
0
0
0
0
0
0
0
0
0
0
0
0
0
0
0
0
0
0
0
0
0
0
0
0
0
0
0
0
0
0
0
0
0
0
0
0
0
0
0
0
0
0
0
0
0
0
0
0
0
0
0
0
0
0
0
0
0
0
0
0
0
0
0
0
0
0
0
0
0
0
0
0
0
0
0
0
0
0
0
0
0
0
0
0
0
0
0
0
0
0
0
0
0
0
0
0
0
0
0
0
0
0
0
0
0
0
0
0
0
0
0
0
0
0
0
0
0
0
0
0
0
0
0
0
0
0
0
0
0
0
0
0
0
0
0
0
0
0
0
0
0
0
0
0
0
0
0
0
0
0
0
0
0
0
0
0
0
0
0
0
0
0
0
0
0
0
0
0
0
0
0
0
0
0
0
0
0
0
0
0
0
0
0
0
0
0
0
0
0
0
0
0
0
0
0
0
0
0
0
0
0
0
0
0
0
0
0
0
0
0
0
0
0
0
0
0
0
0
0
0
0
0
0
0
0
0
0
0
0
0
0
0
0
0
0
0
0
0
0
0
0
0
0
0
0
0
0
0
0
0
0
0
0
0
0
0
0
0
0
0
0
0
0
0
0
0
0
0
0
0
0
0
0
0
0
0
0
0
0
0
0
0
0
0
0
0
0
0
0
0
0
0
0
0
0
0
0
0
0
0
0
0
0
0
0
0
0
0
0
0
0
0
0
0
0
0
0
0
0
0
0
0
0
0
0
0
0
0
0
0
0
0
0
0
0
0
0
0
0
0
0
0
0
0
0
0
0
0
0
0
0
0
0
0
0
0
0
0
0
0
0
0
0
0
0
0
0
0
0
0
0
0
0
0
0
0
0
0
0
0
0
0
0
0
0
0
0
0
0
0
0
0
0
0
0
0
0
0
0
0
0
0
0
0
0
0
0
0
0
0
0
0
0
0
0
0
0
0
0
0
0
0
0
0
0
0
0
0
0
0
0
0
0
0
0
0
0
0
0
0
0
0
0
0
0
0
0
0
0
0
0
0
0
0
0
0
0
0
0
0
0
0
0
0
0
0
0
0
0
0
0
0
0
0
0
0
0
0
0
0
0
0
0
0
0
0
0
0
0
0
0
0
0
0
0
0
0
0
0
0
0
0
0
0
0
0
0
0
0
0
0
0
0
0
0
0
0
0
0
0
0
0
0
0
0
0
0
0
0
0
0
0
0
0
0
0
0
0
0
0
0
0
0
0
0
0
0
0
0
0
0
0
