0
17160
1449
366
119
112
101
87
78
111
141
227
366
605
1038
1767
2929
4507
6392
9113
11508
12490
14348
15490
16133
16231
16422
16483
16940
16951
17036
17345
17348
17649
17597
17661
17719
17493
17279
17063
16709
16774
16683
16476
16081
15890
15935
15448
15393
15277
14924
14908
14741
14782
14506
15087
15570
16144
16084
16102
15741
15334
15103
15582
14757
13651
13259
12689
12536
12086
11741
11559
11275
10972
10917
10506
10198
9897
10136
9733
9275
9082
9295
9009
8852
8508
8358
8209
8069
8122
8124
8061
7605
8374
8142
7367
6992
7146
6795
6892
6788
6755
6561
6569
6468
6467
6364
6220
6406
6236
6009
6007
6072
5860
5969
5942
5811
5925
5752
5786
5630
5747
5692
5601
5574
5431
5387
5361
5484
5429
5350
5267
5277
5231
5222
5436
6087
5208
5229
5040
4923
4937
5030
4880
4736
4748
4616
4537
4696
4563
4541
4597
4490
4623
4656
4604
5057
4834
4632
4622
4670
4518
4668
5100
5637
4701
4636
4770
4644
4802
4617
4877
4900
4644
4596
4862
4719
4876
4792
4793
4829
4861
4818
4693
4799
4808
4904
4843
4826
4821
4836
4961
4949
4857
5073
5106
5142
4982
5044
5112
4920
4875
5057
5072
5157
5076
5334
5115
5113
5089
5211
5278
5180
5402
5301
5371
5395
5314
5260
5351
5665
5940
5688
5544
5532
5776
5756
5691
5885
5726
5933
6002
6137
6009
6142
6145
6201
6107
6193
6188
6348
6285
6396
6545
6672
7107
6803
6811
6848
6864
6954
7207
7231
7163
7266
7436
7422
7383
7181
6886
6486
6306
5966
5758
5797
5577
5743
5535
5483
5416
5659
5454
5511
5506
5471
5270
5384
5291
5233
5228
5267
5143
5133
5016
4987
4905
4851
4771
4862
4946
4977
4811
4907
4870
4976
4861
4928
4914
4936
4795
4462
4347
3764
3391
3214
3121
3127
2993
2925
2950
2990
2815
2876
3345
6969
86253
76385
3037
1938
1899
1785
1763
1611
1602
1515
1446
1369
1286
1203
1147
996
1052
1011
1002
867
762
723
713
651
705
617
635
618
660
684
619
623
599
571
560
546
556
544
490
602
892
2031
19945
112922
18142
202
139
143
141
148
159
133
124
119
123
194
138
137
133
123
112
146
136
204
109
119
129
123
113
102
102
113
116
117
109
182
555
4808
1685
75
85
72
73
61
56
61
75
76
68
80
98
73
65
47
63
59
59
64
75
67
74
48
73
50
54
43
73
51
55
65
75
111
111
80
39
41
49
47
58
54
75
51
59
58
66
45
42
48
52
42
64
55
52
32
34
36
54
37
40
41
36
38
36
35
35
32
35
30
46
99
45
38
39
34
26
37
43
52
284
224
34
32
31
34
34
41
36
29
36
36
41
33
39
32
32
47
26
30
31
40
51
72
38
33
33
33
45
42
40
39
37
32
48
30
37
44
27
39
30
29
44
36
31
40
21
40
40
36
41
40
28
37
30
35
42
44
34
25
33
24
29
23
28
32
33
29
27
32
18
37
32
22
27
28
39
28
33
32
23
25
21
25
31
24
23
32
27
28
40
112
57
32
32
43
39
23
27
30
29
23
34
35
41
39
33
33
25
32
39
35
22
33
25
29
20
32
115
60
28
29
23
20
31
34
34
31
30
34
35
30
37
34
32
39
21
29
32
43
29
31
44
32
27
34
21
23
35
25
26
29
25
31
23
31
34
31
33
24
23
31
37
27
31
31
34
28
27
16
21
22
24
23
27
25
15
17
19
17
25
17
15
35
24
20
20
11
16
14
12
13
11
7
12
12
10
8
29
97
19
12
6
8
8
8
6
8
5
6
7
7
7
9
3
1
6
5
4
8
5
5
6
9
5
2
11
36
381
439
25
2
4
0
4
2
4
1
0
0
2
1
3
0
1
0
1
2
0
2
5
1
1
0
1
1
1
0
1
2
1
2
0
2
1
2
0
1
1
0
3
0
1
1
1
1
4
1
0
3
1
0
1
1
0
1
4
1
0
0
0
1
0
2
0
0
2
1
1
0
2
0
0
2
5
0
0
0
2
2
2
3
3
2
0
0
2
1
1
0
3
1
1
2
0
4
2
0
0
0
1
1
1
2
1
1
0
0
0
0
0
0
0
2
2
0
1
1
0
0
1
0
2
0
2
1
0
0
1
0
0
0
0
2
1
1
0
0
0
0
1
2
0
1
0
1
0
3
1
0
0
1
1
2
0
1
2
2
3
2
2
0
1
3
1
1
0
1
0
1
0
1
0
1
0
3
0
1
0
1
1
2
0
1
0
1
1
1
0
0
0
1
0
0
2
1
0
0
0
0
1
0
2
1
0
0
0
0
0
2
1
0
0
1
0
0
2
0
2
1
0
1
1
0
0
1
1
0
0
0
0
0
0
1
0
1
0
2
1
0
0
1
0
0
2
2
2
1
1
1
0
1
2
2
0
0
0
1
2
0
1
1
0
0
0
0
1
0
0
0
1
0
1
0
0
1
0
1
0
0
0
1
1
2
0
0
1
1
0
1
1
0
3
2
2
2
0
0
1
0
1
1
0
1
0
1
1
2
0
0
2
0
0
0
0
2
0
0
1
1
0
0
0
1
2
0
1
1
2
0
1
0
1
0
0
3
1
0
1
1
1
0
1
0
0
1
1
2
1
0
0
0
1
0
0
0
3
1
0
2
2
1
3
0
1
2
0
0
0
1
1
1
0
1
0
0
1
1
0
0
0
2
0
1
2
1
0
1
0
0
1
1
0
1
0
2
0
1
3
0
2
2
0
0
0
1
3
2
0
3
0
0
0
1
0
1
1
1
1
1
1
2
1
1
3
0
0
0
2
0
0
1
0
1
1
2
0
0
0
0
0
0
2
1
0
0
1
3
1
1
0
1
0
1
0
0
0
0
0
1
0
0
0
1
0
0
0
2
0
0
0
1
0
1
0
0
2
0
0
1
1
0
1
0
1
0
0
1
2
0
0
0
0
0
0
2
0
0
0
0
0
1
1
1
1
0
1
0
0
3
1
0
2
0
1
1
0
0
0
0
0
1
0
0
0
0
0
0
0
0
0
0
0
2
1
1
4
1
1
0
0
1
0
0
0
0
1
0
0
0
1
2
0
1
1
1
1
0
1
0
0
0
1
2
0
1
0
1
0
0
2
0
3
0
0
1
0
0
0
0
1
0
2
1
1
1
0
0
0
0
1
0
0
0
0
0
1
0
0
1
0
2
0
0
0
1
0
0
1
1
0
1
0
0
0
1
0
1
0
0
1
0
1
1
0
0
0
1
0
0
1
0
0
0
0
0
0
1
1
0
2
1
1
0
0
1
0
1
0
0
0
1
0
2
0
1
0
1
1
1
2
0
0
1
1
1
1
0
1
0
0
0
0
0
0
0
0
1
2
0
3
0
0
2
1
0
0
1
1
1
0
0
0
0
1
1
0
0
0
0
0
0
0
1
0
0
0
0
1
0
0
1
3
1
0
1
1
1
1
1
1
2
2
0
0
0
0
1
1
1
0
1
0
0
1
0
1
0
1
0
0
2
3
2
0
1
0
0
0
1
0
0
1
1
0
3
0
0
1
2
0
0
0
0
0
2
0
1
0
0
1
0
0
1
0
1
0
1
0
0
0
0
0
1
1
0
0
0
1
0
0
0
0
0
1
0
0
1
0
0
0
0
1
1
0
0
0
1
0
1
0
0
1
2
1
0
0
0
0
1
1
0
0
1
0
1
0
0
0
0
0
1
0
0
0
1
2
0
0
1
1
0
0
1
0
0
2
2
0
1
2
0
0
0
1
2
0
0
0
1
1
0
0
0
0
2
0
0
0
0
0
0
0
0
1
1
1
1
2
0
0
0
1
0
0
0
0
1
0
0
0
0
0
0
1
0
1
0
1
0
0
1
0
0
0
1
0
2
0
2
1
1
1
0
2
0
1
0
2
0
0
1
0
1
0
1
2
2
0
0
0
0
0
1
0
0
0
1
0
0
0
0
0
0
0
2
0
0
1
0
1
2
0
0
2
1
0
0
0
0
0
1
0
1
0
1
0
1
0
0
0
0
0
1
0
1
0
0
0
0
0
0
0
0
1
3
1
0
1
0
0
0
1
1
1
1
0
1
0
0
0
0
1
0
1
1
1
0
0
0
0
0
0
1
0
1
0
0
0
0
1
0
0
1
0
1
0
0
0
0
0
0
0
0
1
0
1
0
0
0
0
0
0
0
0
1
0
0
0
1
0
0
1
0
0
0
0
1
1
1
0
0
0
1
0
0
0
1
0
1
0
2
0
0
1
0
0
0
0
0
0
0
1
1
0
0
1
2
0
0
0
0
2
1
0
0
1
0
0
1
1
0
1
0
1
2
1
0
0
0
0
1
0
2
0
1
1
2
2
0
0
0
1
1
0
1
0
1
1
1
0
0
1
0
0
2
1
0
0
0
0
0
0
0
0
0
0
1
1
0
0
1
2
0
0
0
0
1
0
2
2
0
1
0
0
1
0
0
0
0
0
2
0
0
0
0
0
0
0
0
1
1
0
0
0
2
0
0
2
1
1
0
1
0
2
2
0
0
0
0
1
1
0
0
0
1
3
2
0
0
0
0
0
0
1
1
0
0
0
0
0
0
2
0
0
0
0
0
2
0
1
0
1
1
1
0
0
0
0
1
0
0
1
0
0
0
0
2
0
1
0
0
2
1
0
0
0
0
0
0
0
0
0
0
2
0
2
1
0
0
1
0
0
0
1
0
0
0
0
1
0
0
1
0
0
0
1
0
0
0
1
0
1
0
0
2
0
0
0
0
0
1
1
0
0
1
1
0
0
1
0
0
0
1
0
0
3
0
0
0
0
0
0
1
2
0
1
1
1
1
1
0
0
0
1
0
1
0
0
0
0
0
0
1
1
0
0
0
0
0
2
1
0
0
1
0
0
0
0
3
1
1
0
0
0
0
1
0
1
1
2
0
1
0
0
1
0
1
0
0
0
0
0
1
0
0
0
1
3
0
0
1
0
0
0
1
0
1
2
0
1
0
0
0
0
0
0
0
1
1
0
0
0
0
0
2
0
1
0
1
0
0
0
1
1
0
0
0
1
0
0
0
0
1
0
0
0
0
1
0
0
0
0
0
0
1
0
2
0
0
0
2
0
1
0
0
0
0
0
0
0
0
1
0
0
0
0
0
1
0
1
0
1
0
0
1
0
1
0
1
0
0
0
2
1
0
1
1
1
0
1
0
1
0
1
0
0
1
0
1
0
1
0
0
0
0
0
1
1
0
0
1
2
0
1
0
1
0
0
0
0
0
0
0
0
0
1
0
0
0
0
3
1
0
0
0
0
1
0
0
0
0
0
0
1
0
0
0
0
0
1
2
1
1
0
0
0
0
0
0
0
0
0
1
1
0
0
0
0
0
0
1
0
0
0
0
0
0
0
0
0
0
0
0
0
2
1
0
0
0
0
0
0
0
0
0
1
0
0
0
1
1
0
0
0
1
0
0
1
1
0
0
0
0
2
0
3
1
0
0
0
1
1
0
1
0
0
0
0
0
0
0
0
0
0
1
0
1
0
2
0
0
1
0
0
0
0
0
1
0
0
0
0
2
0
0
0
0
0
0
0
0
1
0
1
1
1
0
0
0
0
2
2
0
1
0
0
1
0
0
0
1
0
1
0
0
2
0
0
0
0
0
1
0
1
1
0
1
1
0
0
1
0
0
1
0
0
0
0
1
0
2
0
0
1
0
0
0
0
0
0
1
1
1
0
1
0
1
1
0
1
0
1
1
0
1
0
1
0
0
0
0
1
0
0
1
1
0
0
1
1
1
0
0
0
0
0
0
0
1
0
1
0
0
0
0
0
0
0
0
0
1
2
0
0
0
0
0
1
2
0
0
0
1
0
0
0
0
0
0
0
0
0
0
0
0
1
0
1
0
0
0
0
0
2
0
0
1
0
1
0
0
0
0
0
0
0
0
0
0
1
0
2
0
1
0
0
1
0
0
0
0
0
0
1
0
2
0
0
0
1
0
0
0
1
0
0
0
0
0
1
0
0
0
1
0
0
0
0
0
0
0
0
0
0
0
0
0
0
0
0
2
1
0
1
0
0
0
0
0
0
0
0
0
0
0
0
1
0
0
0
1
1
0
0
0
0
0
1
0
0
0
0
0
0
0
1
0
0
0
0
1
0
1
0
1
0
0
0
1
0
0
0
0
0
0
1
2
1
0
0
0
0
0
0
0
1
0
0
0
0
0
1
0
0
0
0
0
1
1
0
0
0
0
0
0
0
1
1
0
0
0
0
0
0
1
1
0
1
1
1
0
0
1
0
0
1
0
0
0
0
0
0
0
0
0
0
0
0
0
0
0
0
0
0
0
0
0
1
0
0
0
0
0
0
1
0
2
0
0
0
0
1
0
0
0
0
0
0
1
0
0
1
0
0
2
1
0
0
0
0
0
1
0
1
0
0
0
0
0
0
1
0
1
0
1
0
0
0
0
0
0
0
0
1
0
0
0
1
0
0
1
0
0
0
0
0
0
0
0
1
1
2
0
2
0
1
1
0
1
0
0
0
2
0
0
0
0
0
1
0
0
0
0
1
0
0
0
2
1
1
1
1
0
0
0
1
0
0
0
0
1
0
0
1
0
0
0
0
0
1
0
0
0
1
0
1
1
0
0
0
0
0
0
0
0
0
0
0
1
0
0
0
0
0
2
0
0
1
0
0
0
0
2
0
0
0
0
0
0
0
0
0
1
0
0
2
1
0
0
0
0
0
0
0
1
0
1
0
0
0
0
0
0
0
0
0
0
0
0
1
0
0
1
1
0
1
0
1
0
0
1
0
0
0
0
1
0
0
1
0
0
0
0
0
0
0
1
0
0
0
0
1
0
1
0
0
0
0
0
1
0
1
0
0
1
0
1
1
0
0
0
0
0
0
1
0
1
0
1
2
0
0
1
1
1
1
0
0
0
1
0
0
1
0
0
1
0
1
0
0
0
0
0
0
1
0
0
0
0
0
0
0
0
0
1
0
2
0
0
0
0
0
1
0
0
0
0
0
0
0
0
0
0
0
0
0
2
0
0
0
0
1
1
0
0
0
1
0
1
0
0
0
0
0
0
0
1
0
0
0
0
0
0
0
0
0
0
1
1
0
1
0
0
1
0
0
0
1
0
0
0
0
0
0
0
1
0
0
0
0
0
1
0
0
0
1
1
0
0
0
0
1
0
0
0
0
0
0
1
0
0
0
0
0
1
0
1
0
0
0
0
0
1
1
0
0
2
1
0
1
0
1
0
0
0
0
0
0
1
0
0
1
0
0
1
0
0
1
0
1
1
0
0
0
0
1
0
0
0
0
0
0
0
0
0
0
0
0
0
0
0
0
1
0
0
0
0
0
0
1
1
1
0
0
1
0
0
0
1
2
0
0
0
0
1
0
0
1
0
1
0
0
0
0
0
0
0
1
0
0
0
0
0
0
0
0
1
0
1
0
0
0
0
0
0
0
0
1
1
1
0
0
0
0
0
0
0
1
1
0
0
0
0
1
0
1
1
1
0
0
0
0
0
0
0
1
1
2
0
0
0
0
0
1
0
0
0
1
0
0
1
0
0
1
0
0
0
0
0
0
0
0
0
1
0
0
0
1
1
0
0
0
0
0
0
1
0
0
1
0
0
1
0
0
1
0
0
1
0
1
1
0
0
0
0
1
0
1
0
0
0
0
0
1
0
0
0
1
0
0
1
0
0
0
0
1
0
1
1
0
1
0
0
0
0
0
1
0
0
0
1
0
0
1
0
1
0
0
0
1
0
1
0
1
0
0
1
2
0
1
2
0
0
0
0
1
0
0
2
0
0
0
2
1
0
0
1
0
0
1
0
0
1
0
0
0
0
0
0
0
2
0
0
1
0
1
0
0
0
0
0
0
0
0
0
0
0
0
0
0
0
0
0
0
0
1
1
0
1
0
0
0
0
0
0
0
0
1
1
0
0
0
0
3
0
0
1
0
0
0
0
0
0
0
0
0
0
0
0
1
0
0
0
0
0
1
0
1
2
0
0
0
1
3
0
0
1
1
0
0
1
0
0
0
0
0
0
0
0
0
0
0
0
0
0
0
0
0
0
0
0
1
2
0
0
0
0
0
0
0
1
0
1
0
0
0
1
0
0
0
1
0
0
0
0
0
1
1
0
0
0
1
0
0
0
0
0
1
1
0
0
0
0
0
1
0
0
0
0
0
1
1
0
0
1
0
0
0
0
1
0
1
0
0
0
0
0
1
1
0
1
0
0
0
0
0
0
1
0
1
0
0
0
0
0
0
0
0
0
0
0
0
0
0
0
0
0
0
0
0
0
0
0
1
0
2
0
0
1
0
0
0
0
1
1
0
0
1
0
0
1
1
0
0
0
0
0
0
0
0
0
0
0
0
0
1
0
0
1
1
1
1
0
1
0
0
0
0
1
0
0
0
0
0
0
0
0
0
0
1
1
0
0
1
0
0
0
0
0
0
2
0
1
0
0
0
0
0
1
0
0
1
0
0
0
0
0
0
1
0
0
0
1
1
0
1
0
0
1
0
0
0
0
0
0
1
1
0
0
0
1
0
0
0
0
0
0
0
1
0
1
0
2
1
0
0
0
0
1
0
0
0
0
1
0
0
0
0
1
0
0
1
0
0
0
0
0
0
0
0
0
0
0
0
0
0
1
0
0
0
0
0
1
0
0
0
0
0
0
0
0
0
0
0
0
0
0
0
0
0
0
2
0
0
0
1
0
0
0
1
0
0
0
0
0
0
0
0
0
1
0
0
1
0
0
0
0
0
0
0
0
0
1
0
0
0
1
0
0
0
0
0
0
0
1
1
0
1
0
0
0
1
0
0
0
0
0
0
0
1
0
0
0
0
0
0
0
0
0
0
1
0
0
0
0
0
0
0
0
0
2
1
0
0
0
0
0
0
0
0
1
0
0
0
0
0
0
1
1
1
0
0
0
0
0
1
0
0
0
0
0
0
0
0
1
1
0
0
0
0
0
0
1
0
0
1
0
1
0
0
0
1
0
0
0
0
0
2
0
0
1
1
1
1
0
0
0
0
0
0
0
2
1
0
1
0
0
0
0
0
0
0
1
1
1
0
0
0
0
0
0
0
0
0
0
2
0
1
0
1
1
2
0
0
1
0
1
0
0
0
1
1
1
0
0
0
0
1
0
0
0
1
0
0
1
0
2
1
0
0
0
0
0
0
0
0
0
0
1
0
0
0
1
0
0
0
1
0
0
0
0
0
0
0
0
0
0
1
1
0
0
0
0
0
1
0
0
0
1
1
1
1
0
0
0
0
0
0
0
1
0
0
0
0
0
1
0
0
1
0
0
0
0
0
0
0
0
0
0
0
1
0
0
1
0
0
1
1
0
2
0
0
0
0
0
0
0
0
0
0
0
0
0
1
0
0
0
1
0
0
0
0
0
0
2
1
0
0
1
0
1
0
0
0
0
0
0
1
1
0
0
1
0
0
0
1
0
0
0
0
0
0
0
0
0
0
0
2
0
0
0
0
0
0
0
0
0
0
1
1
1
0
1
0
0
1
0
1
0
0
0
0
0
0
0
0
1
0
1
0
0
0
1
0
0
1
0
0
0
0
0
0
0
1
2
0
0
1
0
0
0
1
2
0
2
0
0
1
1
0
0
0
1
0
0
0
0
1
0
0
0
1
0
0
0
0
0
0
0
1
0
0
0
0
1
0
2
0
0
0
0
0
0
0
0
1
0
0
0
0
0
1
2
0
0
0
0
0
2
0
0
1
1
1
0
0
0
0
0
1
0
0
0
0
0
1
1
0
0
0
1
0
0
0
1
0
0
0
0
0
1
0
0
1
0
0
0
0
0
0
0
0
0
0
1
0
0
0
0
0
0
0
0
0
0
0
0
0
0
1
0
0
0
0
1
0
1
1
0
0
0
0
0
0
1
1
0
0
0
0
0
1
2
0
1
0
2
1
0
0
0
0
0
0
1
0
0
0
0
0
0
1
0
0
0
0
0
0
0
0
1
0
0
0
0
0
0
0
1
0
0
0
0
2
0
1
0
0
1
0
0
0
0
0
0
0
1
0
1
0
1
0
0
0
0
0
0
0
0
0
0
0
0
0
0
0
0
1
0
0
0
0
0
0
0
0
0
1
0
0
0
0
0
0
0
0
0
1
0
1
0
1
0
0
0
0
0
1
0
0
0
0
0
1
0
0
0
0
0
0
0
0
1
1
0
0
0
0
0
0
0
0
0
0
0
0
0
0
0
0
0
0
1
1
0
0
0
0
0
0
1
1
0
0
0
0
1
0
0
0
0
1
1
0
0
0
0
0
0
0
0
0
1
1
0
0
1
0
1
1
0
0
1
1
0
0
0
1
0
1
0
0
1
0
0
0
0
1
1
0
0
0
0
0
0
1
1
0
0
0
0
0
0
0
0
1
0
1
1
0
0
1
0
0
0
0
0
0
0
0
0
0
0
0
0
0
1
0
0
1
0
0
0
0
1
0
1
0
0
0
0
0
0
0
0
1
0
0
0
1
0
1
0
0
1
1
0
0
0
0
0
0
0
0
0
0
0
1
0
0
0
0
0
0
0
0
0
0
0
1
0
0
0
0
2
0
0
0
1
0
0
1
0
0
0
0
0
1
1
0
0
0
0
0
0
0
1
0
0
0
0
1
0
1
0
1
1
0
0
0
0
0
0
1
0
0
1
0
0
0
0
0
0
0
0
0
1
0
1
0
0
0
0
1
0
0
0
0
0
3
1
1
0
0
0
1
0
0
0
0
0
1
0
1
0
0
0
0
0
1
0
0
0
0
0
1
0
0
0
0
0
0
1
1
0
1
0
1
1
0
1
1
0
0
0
0
0
0
0
0
1
0
0
1
0
0
0
0
0
0
0
0
0
0
0
1
1
0
0
0
0
0
2
0
0
0
0
0
0
0
0
0
0
0
0
0
0
0
0
0
0
0
0
0
0
0
0
1
0
0
0
0
2
0
1
0
0
0
1
1
0
0
0
0
0
1
0
0
0
0
0
0
0
0
0
0
0
1
0
0
0
0
0
0
0
0
0
1
0
0
0
2
1
1
0
1
0
0
0
0
0
0
0
0
0
0
0
0
0
0
1
0
1
0
0
0
0
0
0
2
0
0
1
0
0
0
0
0
0
3
1
0
0
0
0
0
0
0
1
0
0
1
2
0
0
0
0
0
0
0
0
1
1
0
0
0
0
0
1
1
0
1
0
0
0
0
0
0
0
0
1
0
0
1
0
0
0
1
1
0
1
0
0
0
0
0
0
1
0
1
1
0
1
0
1
0
1
0
1
0
0
0
0
0
0
1
0
0
0
1
0
0
0
0
0
0
0
1
0
0
0
0
0
0
1
0
0
0
0
0
0
1
1
0
1
0
1
0
0
0
0
0
0
0
0
0
1
1
1
1
2
0
1
0
0
0
0
1
1
0
1
0
0
0
0
0
0
0
1
0
0
0
0
1
1
0
1
0
0
0
1
0
0
0
0
0
0
0
0
0
1
0
0
0
1
0
1
1
0
0
0
0
0
0
0
0
0
0
0
1
0
0
0
2
0
2
1
0
0
0
0
1
0
1
0
0
0
0
0
1
0
1
1
0
0
0
1
1
0
0
0
0
1
0
0
0
0
0
0
0
0
0
0
1
1
1
1
0
0
0
0
1
0
0
2
0
0
1
0
0
0
0
0
0
0
0
0
1
0
0
0
1
0
0
0
1
0
0
0
0
0
0
0
1
0
0
1
0
0
1
0
0
0
0
0
0
0
0
0
0
1
1
0
1
1
1
1
0
0
0
0
0
0
0
0
0
0
0
1
0
0
2
0
0
0
0
0
0
1
0
0
0
0
0
1
0
0
1
1
0
0
0
1
0
0
0
1
0
0
0
1
0
0
0
0
0
1
0
0
0
0
1
0
0
0
0
0
0
0
0
0
0
1
0
1
0
0
0
0
0
1
0
0
0
0
1
0
0
1
0
0
0
0
0
0
0
0
0
0
0
0
0
0
1
0
0
1
0
0
0
0
0
0
0
1
0
0
1
0
0
0
0
0
0
0
0
0
0
0
0
1
0
0
0
0
0
0
1
0
0
1
0
0
0
0
1
0
1
0
0
1
0
0
0
1
1
0
0
0
0
0
0
0
0
0
1
0
0
0
1
0
0
0
0
0
0
0
0
0
1
0
1
0
0
0
1
0
0
0
0
0
1
0
0
1
0
0
0
0
0
0
0
0
0
0
0
0
0
0
0
0
0
0
0
0
0
0
0
0
0
0
0
0
0
0
0
0
0
1
0
0
0
0
0
0
0
0
0
0
0
0
0
0
0
0
0
0
0
0
0
0
0
0
0
0
0
0
0
0
0
0
0
0
0
0
0
0
0
0
0
0
0
0
0
0
0
0
0
0
0
0
0
0
0
0
1
0
0
0
0
0
0
0
0
0
0
0
0
0
0
0
0
0
0
0
0
0
0
0
0
0
0
0
0
0
0
0
0
0
0
0
0
0
0
0
0
0
0
0
0
0
0
0
0
0
0
0
0
0
0
0
0
0
0
0
0
0
0
0
0
0
0
0
0
0
0
0
0
0
0
0
0
0
1
0
0
0
2
0
0
0
0
0
0
0
0
0
0
0
0
0
0
0
0
0
0
0
1
0
0
0
0
0
1
0
0
0
0
0
0
0
0
0
0
0
0
0
0
0
0
0
0
0
0
1
0
0
0
0
0
0
0
0
0
0
0
0
0
0
0
0
0
0
0
0
0
0
0
0
0
0
0
0
0
0
0
0
0
0
0
0
0
0
0
0
0
0
0
0
0
0
0
0
0
0
0
0
0
0
0
0
0
0
0
0
0
0
0
0
0
0
0
0
0
1
0
0
0
0
1
0
0
0
0
1
0
0
0
0
0
0
0
0
0
0
0
0
0
0
0
0
0
0
0
0
0
1
0
0
0
0
0
0
0
0
0
0
0
0
0
0
0
0
0
0
0
0
0
0
0
0
0
0
0
0
0
0
0
0
0
0
0
0
0
0
0
0
0
0
0
0
0
0
0
0
0
0
0
0
0
0
0
0
1
0
0
0
0
0
0
0
0
0
0
0
0
0
0
0
0
0
0
0
0
0
0
0
0
0
0
0
0
0
0
0
0
0
0
0
0
0
0
1
0
0
1
1
1
1
1
1
0
0
2
1
1
0
0
0
0
1
0
1
0
0
2
1
1
0
0
0
0
0
0
2
0
1
1
2
0
0
1
2
0
1
0
2
1
2
0
0
0
1
2
0
0
0
1
0
1
2
0
2
1
0
2
0
0
0
2
1
1
0
1
0
2
0
0
0
1
2
0
0
1
0
1
1
0
0
0
0
0
1
2
0
2
0
1
1
2
0
1
1
1
0
0
0
1
1
2
0
0
1
0
1
0
1
0
0
0
1
0
0
1
1
0
1
1
0
0
0
0
0
0
0
1
0
0
1
1
0
3
0
1
0
1
1
2
2
2
0
2
1
0
1
0
0
0
1
2
1
0
1
0
0
0
0
0
0
1
0
1
0
0
1
0
0
1
0
1
0
1
1
1
1
1
1
2
0
2
0
1
0
3
1
0
0
1
2
0
0
1
1
0
2
2
2
0
0
1
0
2
0
1
0
1
1
0
0
0
1
0
0
1
0
0
1
1
0
0
0
0
0
0
0
0
0
1
0
0
0
2
0
1
1
1
0
0
1
1
0
0
0
0
1
3
1
0
0
1
0
0
1
0
0
0
1
0
2
2
1
0
0
0
0
0
1
0
2
0
1
1
2
1
1
0
1
0
1
0
0
1
1
0
0
0
2
1
0
0
0
0
2
0
0
0
0
1
0
4
0
0
1
0
1
0
1
0
0
1
0
0
0
1
0
0
1
1
0
0
0
0
0
1
0
1
1
1
1
0
0
0
0
1
0
0
1
1
0
0
0
2
1
1
1
0
1
2
0
0
0
0
1
0
4
0
1
0
2
1
0
1
1
2
0
0
1
1
1
0
0
0
1
2
0
0
0
1
0
1
2
0
0
0
0
0
0
0
1
0
0
0
1
0
0
0
1
0
1
1
0
2
1
0
0
0
0
2
1
0
0
1
0
0
0
0
0
0
0
1
1
1
0
1
4
0
2
0
0
0
3
1
1
0
0
0
3
0
1
0
0
1
1
1
0
0
2
3
1
0
0
1
2
0
0
0
0
0
0
2
0
0
0
0
0
0
0
1
0
0
1
1
2
0
2
1
0
0
0
1
1
2
1
1
0
0
0
0
0
0
1
0
0
1
1
1
0
0
1
0
0
0
0
1
0
1
2
0
0
0
2
1
1
1
0
1
2
2
1
1
2
2
0
1
0
2
2
1
2
1
0
1
1
1
0
2
0
0
1
1
0
1
0
1
1
2
1
0
0
1
1
1
0
0
2
0
0
0
0
1
0
0
0
0
0
2
0
0
0
0
1
0
0
1
0
0
0
0
0
0
1
0
0
0
1
2
0
1
4
0
3
0
0
0
1
1
1
0
1
0
1
0
0
0
0
1
2
0
1
2
1
0
1
1
0
0
1
0
3
0
1
0
0
1
0
0
1
0
0
1
2
0
0
0
2
0
2
0
0
1
2
0
0
0
0
0
0
1
0
0
2
2
2
1
1
4
2
0
0
0
2
0
0
1
1
0
0
0
2
1
1
4
1
1
2
0
0
1
2
0
0
1
0
0
0
1
0
1
0
2
1
1
0
1
0
1
0
0
0
1
2
0
0
0
1
2
0
0
2
0
1
0
1
0
0
1
0
0
0
0
0
0
1
0
0
1
1
0
1
1
1
1
1
0
0
2
0
0
0
0
2
1
1
0
2
0
0
0
0
0
0
1
2
1
0
0
0
1
0
0
0
0
0
2
0
0
0
0
1
0
0
4
1
0
2
1
0
0
0
3
1
1
0
0
1
1
3
1
1
0
0
0
0
1
1
0
1
1
1
0
0
1
1
0
1
0
1
2
0
1
0
2
1
0
2
1
0
1
1
1
0
1
1
0
0
0
1
1
1
1
0
0
0
2
0
1
0
1
0
2
0
0
0
0
1
1
0
0
0
0
1
0
0
0
0
1
1
2
0
1
1
3
0
1
0
1
1
1
1
1
0
0
0
1
1
0
2
2
2
1
0
0
1
3
1
1
1
1
0
2
1
2
3
1
1
1
0
0
0
1
0
2
0
0
0
2
0
1
2
1
1
1
0
2
1
0
2
1
1
1
0
0
0
1
2
1
0
2
3
0
0
2
1
0
0
1
2
0
0
0
0
0
0
0
1
2
1
1
1
2
1
2
1
2
1
1
1
1
2
2
0
1
0
1
1
0
0
1
1
0
1
1
0
0
1
2
0
1
1
1
1
2
0
0
0
0
0
1
1
0
1
0
2
1
1
2
1
0
1
1
2
0
0
1
0
0
0
0
0
0
0
1
0
1
0
1
0
0
2
0
0
0
2
3
3
1
2
0
0
0
2
1
0
0
0
0
3
0
1
0
1
1
2
1
0
0
3
0
0
2
0
0
0
1
1
1
1
0
1
2
0
1
0
1
0
0
0
1
3
0
2
0
0
1
0
2
3
0
1
0
0
0
1
0
0
3
1
0
0
0
0
0
2
1
1
2
1
2
1
1
3
0
2
0
0
3
0
1
0
0
1
1
2
0
0
0
1
0
0
0
0
0
0
1
2
1
1
0
2
3
1
1
1
1
1
0
1
0
0
0
2
0
3
1
0
1
2
1
1
2
0
2
0
0
0
0
1
3
1
0
0
1
2
0
3
1
0
0
1
3
2
1
0
0
2
0
1
1
1
1
1
1
1
1
1
1
0
1
0
1
0
0
1
2
1
0
0
0
1
0
1
1
2
1
0
1
1
0
0
1
1
1
0
2
1
5
1
3
2
2
1
0
2
2
0
0
0
1
1
1
0
1
1
1
3
1
1
1
2
1
2
0
1
2
2
0
1
0
0
1
0
2
0
2
4
3
1
0
0
1
4
1
1
1
1
0
0
0
0
0
0
2
1
2
0
0
0
0
0
1
1
3
1
0
0
2
0
3
1
0
2
2
2
0
1
2
0
2
3
1
0
0
2
2
1
1
2
1
1
1
1
2
1
1
0
0
0
1
0
0
2
3
2
1
0
1
0
0
1
0
2
1
1
1
1
1
1
1
2
0
1
1
0
0
0
3
1
2
0
0
3
1
0
1
3
1
1
0
0
1
1
1
2
1
0
0
1
1
1
1
0
1
1
1
2
0
2
2
2
2
0
1
0
1
1
0
2
2
2
0
0
2
1
1
0
2
2
1
0
0
1
2
2
2
0
1
2
0
0
1
0
2
2
1
0
0
0
0
2
0
1
1
4
1
1
0
0
1
0
1
4
1
1
1
2
1
1
1
1
5
1
1
1
0
1
0
1
0
0
1
1
2
2
2
2
0
0
1
0
3
1
0
0
1
1
2
0
3
2
2
2
1
1
1
2
1
3
1
0
0
3
0
0
1
1
0
0
0
2
1
2
1
1
1
2
1
2
1
1
1
2
0
1
3
0
0
2
1
3
2
3
1
0
1
3
1
1
1
1
1
1
1
0
3
1
1
1
1
0
2
1
1
4
1
2
0
1
0
2
0
1
2
1
1
0
0
0
1
1
0
1
4
1
1
1
1
2
1
1
0
1
2
1
0
0
4
3
1
1
1
2
1
0
2
3
2
1
1
1
6
2
1
1
0
2
5
1
1
1
2
0
2
0
1
0
2
0
0
2
0
1
0
3
0
3
1
1
1
0
2
3
1
1
0
2
1
0
1
1
2
1
1
1
2
1
1
1
2
1
0
1
0
1
3
0
2
0
1
6
1
2
1
0
0
0
1
1
0
1
2
0
0
3
1
1
2
1
1
2
2
1
2
0
2
1
1
0
2
1
0
0
0
3
1
1
5
0
1
2
1
0
0
2
1
0
3
3
2
0
1
1
0
1
0
0
1
1
1
2
2
0
0
0
0
1
2
4
2
1
2
3
0
1
0
1
1
3
2
2
2
0
0
0
1
1
2
1
3
0
0
0
0
1
0
3
0
1
0
1
2
2
1
0
3
0
2
1
0
0
1
1
1
1
0
1
1
0
2
1
1
0
0
0
3
4
2
2
1
3
1
2
2
0
1
0
3
3
1
1
3
2
1
4
4
0
0
1
1
2
0
2
0
0
0
1
2
2
1
1
0
1
0
1
3
2
1
2
0
3
0
1
1
2
1
0
1
1
3
1
1
0
1
1
2
1
2
2
0
1
0
0
0
0
0
1
1
4
0
1
1
3
1
1
2
2
0
1
1
0
0
1
2
1
1
0
1
2
0
2
0
1
0
1
1
1
2
1
0
0
2
1
2
1
0
0
0
0
2
1
0
0
2
0
3
3
1
1
2
3
0
1
0
1
1
0
2
1
2
2
2
1
1
3
0
1
2
0
1
1
3
2
1
1
2
3
0
1
1
3
0
1
2
1
1
1
0
1
4
1
3
0
1
3
1
1
0
0
1
2
1
2
1
1
1
1
1
3
0
2
1
0
1
1
1
0
1
1
2
1
0
2
2
3
1
4
1
2
0
1
2
2
0
2
1
0
0
0
0
1
1
1
2
2
2
3
0
1
0
2
1
1
2
2
1
1
0
2
0
0
1
0
0
2
2
2
1
1
0
1
2
2
0
2
2
2
3
4
0
1
4
0
2
1
1
0
1
2
1
1
1
1
0
1
3
0
1
3
0
0
2
3
0
2
0
2
1
1
0
1
1
0
0
2
4
1
2
1
2
3
0
0
0
0
0
1
3
2
0
0
1
0
0
1
1
2
2
1
1
0
0
0
0
0
1
0
4
2
2
1
0
0
3
0
3
0
1
2
0
0
2
0
0
0
2
1
1
0
2
0
1
0
0
1
3
1
2
0
1
0
1
1
1
1
1
1
0
1
1
0
0
1
0
2
4
2
1
0
0
1
0
1
2
2
1
1
1
0
0
2
2
0
1
0
0
0
4
0
1
0
4
1
2
3
1
0
1
2
0
2
3
0
1
1
1
0
3
2
2
1
0
1
1
3
0
2
2
2
2
1
0
0
0
0
2
1
1
1
0
4
0
2
1
3
2
1
1
3
0
3
2
1
0
1
1
0
4
1
1
1
2
1
0
2
1
1
1
1
0
1
3
0
1
0
2
0
0
1
1
0
0
1
2
3
0
2
1
1
5
0
1
1
0
3
1
2
0
0
1
2
0
2
1
3
1
1
0
0
2
1
2
1
1
0
0
1
0
0
2
0
0
1
2
1
0
0
1
3
1
0
3
0
3
3
0
0
3
1
1
0
0
1
0
1
0
2
1
1
0
1
0
1
0
0
0
0
0
0
1
0
0
1
0
0
0
1
1
0
2
0
1
1
1
1
1
1
1
1
2
2
1
0
1
2
2
2
1
0
0
1
5
2
1
1
1
3
0
0
2
0
1
2
0
0
5
0
2
0
1
1
1
0
1
1
0
1
0
0
0
4
0
1
0
3
1
1
1
2
3
0
1
2
1
2
0
1
1
0
3
1
0
0
2
1
1
0
1
0
0
1
0
0
1
0
0
1
0
1
1
0
0
3
0
2
0
1
0
2
1
4
1
1
0
0
1
0
0
1
0
1
1
3
2
0
0
2
0
1
1
3
3
1
1
1
0
1
1
1
0
0
0
1
4
0
0
0
1
0
1
0
2
1
2
1
0
1
2
0
0
0
0
2
0
2
1
0
1
0
0
2
0
1
0
1
0
1
0
0
1
5
0
1
0
1
0
2
1
0
2
1
3
1
1
4
2
0
1
0
1
1
1
3
0
2
0
0
1
0
1
4
0
1
0
0
3
2
0
0
1
2
2
4
1
3
1
1
0
4
0
2
1
1
1
2
1
2
2
0
2
0
2
0
1
3
1
0
0
1
1
2
0
1
2
1
0
1
0
3
0
1
1
4
0
1
0
1
2
0
0
1
2
0
2
0
0
1
0
1
1
1
2
1
2
1
3
2
0
0
0
0
0
1
0
1
0
2
2
3
2
4
0
0
0
1
0
0
3
0
1
1
2
1
0
2
3
2
0
0
1
1
0
4
0
1
2
1
3
2
2
2
1
1
1
0
2
0
0
0
1
0
1
1
1
2
0
3
2
2
1
0
1
0
2
0
0
0
2
1
2
0
0
1
2
0
1
1
0
0
1
1
1
1
0
0
1
2
1
1
2
2
0
1
0
1
0
2
0
2
0
1
2
0
0
1
3
2
1
2
1
0
1
0
1
1
1
0
0
0
0
0
1
1
0
1
0
1
1
0
1
1
1
0
0
0
0
1
2
2
2
0
1
2
1
0
1
4
0
0
0
0
3
0
0
0
0
0
0
1
1
1
3
0
1
1
1
0
3
1
0
0
1
2
1
0
1
0
2
1
0
1
0
0
1
0
2
1
2
1
1
1
0
1
1
0
2
0
1
0
1
1
0
0
0
1
1
1
0
3
0
0
0
1
0
0
0
1
3
0
3
2
1
2
2
1
1
0
2
1
1
0
1
1
2
2
0
0
1
2
0
0
0
0
0
0
0
0
1
3
4
0
0
1
3
2
1
0
2
4
1
1
1
3
0
0
2
0
0
2
1
1
0
3
3
0
1
1
1
1
0
1
0
0
1
1
1
4
0
2
3
2
1
1
2
0
1
1
2
0
1
0
3
2
1
4
0
0
1
1
0
1
0
0
0
2
0
1
2
1
1
1
1
0
1
0
0
0
2
0
2
3
4
0
1
0
1
0
1
0
2
3
1
2
3
2
1
1
1
2
3
0
1
1
0
1
1
2
2
1
2
1
1
4
1
1
1
1
1
2
0
1
1
0
5
1
1
0
1
0
1
0
3
0
0
1
0
0
1
0
0
0
1
1
2
0
3
1
0
1
1
1
0
2
1
1
2
0
2
1
0
2
0
1
1
0
0
1
0
1
0
0
0
0
2
2
0
0
1
0
1
0
1
1
0
0
0
2
0
0
2
1
1
0
0
1
0
1
1
1
0
0
1
2
0
2
1
1
1
1
2
1
1
0
1
1
1
0
0
0
0
0
2
1
0
2
0
2
1
0
0
1
0
0
2
2
0
0
0
0
0
0
0
1
2
1
1
1
0
0
1
1
0
0
1
1
0
0
1
0
0
2
2
1
0
0
0
0
2
1
1
0
0
1
0
0
0
0
0
0
0
0
0
0
4
0
0
0
2
0
1
0
1
1
0
1
1
1
2
2
0
2
1
0
2
0
0
1
0
1
0
2
1
1
1
0
1
1
0
1
0
0
0
0
1
0
1
0
1
0
0
1
0
1
1
0
3
1
1
0
0
1
3
2
1
0
1
2
1
1
1
1
1
1
0
0
0
0
0
0
0
0
0
0
2
1
0
0
0
0
1
0
2
0
0
0
1
0
1
0
1
0
1
1
0
0
2
0
0
2
0
1
0
3
2
3
2
2
1
0
0
1
1
0
1
3
3
3
1
0
1
0
1
1
0
0
0
1
2
0
1
2
0
2
2
1
0
0
1
1
0
2
0
3
2
3
1
0
0
0
0
2
5
1
1
0
0
3
1
0
1
2
1
1
2
1
4
4
9
7
10
4
3
1
4
3
4
1
1
3
0
0
0
0
2
1
0
0
1
1
0
0
0
0
0
0
1
0
0
0
0
0
1
0
0
0
0
0
0
0
0
0
0
0
0
0
0
0
0
0
0
0
0
0
0
0
0
0
0
0
0
0
0
0
0
0
0
0
0
0
0
0
0
0
0
0
0
0
0
0
0
0
0
0
0
0
0
0
0
0
0
0
0
0
0
0
0
0
0
0
0
0
0
0
0
0
0
0
0
0
0
0
0
0
0
0
0
0
0
0
0
0
0
0
0
0
0
0
0
0
0
0
0
0
0
0
0
0
0
0
0
0
0
0
0
0
0
0
0
0
0
0
0
0
0
0
0
0
0
0
0
0
0
0
0
0
0
0
0
0
0
0
0
0
0
0
0
0
0
0
0
0
0
0
0
0
0
0
0
0
0
0
0
0
0
0
0
0
0
0
0
0
0
0
0
0
0
0
0
0
0
0
0
0
0
0
0
0
0
0
0
0
0
0
0
0
0
0
0
0
0
0
0
0
0
0
0
0
0
0
0
0
0
0
0
0
0
0
0
0
0
0
0
0
0
0
0
0
0
0
0
0
0
0
0
0
0
0
0
0
0
0
0
0
0
0
0
0
0
0
0
0
0
0
0
0
0
0
0
0
0
0
0
0
0
0
0
0
0
0
0
0
0
0
0
0
0
0
0
0
0
0
0
0
0
0
0
0
0
0
0
0
0
0
0
0
0
0
0
0
0
0
0
0
0
0
0
0
0
0
0
0
0
0
0
0
0
0
0
0
0
0
0
0
0
0
0
0
0
0
0
0
0
0
0
0
0
0
0
0
0
0
0
0
0
0
0
0
0
0
0
0
0
0
0
0
0
0
0
0
0
0
0
0
0
0
0
0
0
0
0
0
0
0
0
0
0
0
0
0
0
0
0
0
0
0
0
0
0
0
0
0
0
0
0
0
0
0
0
0
0
0
0
0
0
0
0
0
0
0
0
0
0
0
0
0
0
0
0
0
0
0
0
0
0
0
0
0
0
0
0
0
0
0
0
0
0
0
0
0
0
0
0
0
0
0
0
0
0
0
0
0
0
0
0
0
0
0
0
0
0
0
0
0
0
0
0
0
0
0
0
0
0
0
0
0
0
0
0
0
0
0
0
0
0
0
0
0
0
0
0
0
0
0
0
0
0
0
0
0
0
0
0
0
0
0
0
0
0
0
0
0
0
0
0
0
0
0
0
0
0
0
0
0
0
0
0
0
0
0
0
0
0
0
0
0
0
0
0
0
0
0
0
0
0
0
0
0
0
0
0
0
0
0
0
0
0
0
0
0
0
0
0
0
0
0
0
0
0
0
0
0
0
0
0
0
0
0
0
0
0
0
0
0
0
0
0
0
0
0
0
0
0
0
0
0
0
0
0
0
0
0
0
0
0
0
0
0
0
0
0
0
0
0
0
0
0
0
0
0
0
0
0
0
0
0
0
0
0
0
0
0
0
0
0
0
0
0
0
0
0
0
0
0
0
0
0
0
0
0
0
0
0
0
0
0
0
0
0
0
0
0
0
0
0
0
0
0
0
0
0
0
0
0
0
0
0
0
0
0
0
0
0
0
0
0
0
0
0
0
0
0
0
0
0
0
0
0
0
0
0
0
0
0
0
0
0
0
0
0
0
0
0
0
0
0
0
0
0
0
0
0
0
0
0
0
0
0
0
0
0
0
0
0
0
0
0
0
0
0
0
0
0
0
0
0
0
0
0
0
0
0
0
0
0
0
0
0
0
0
0
0
0
0
0
0
0
0
0
0
0
0
0
0
0
0
0
0
0
0
0
0
0
0
0
0
0
0
0
0
0
0
0
0
0
0
0
0
0
0
0
0
0
0
0
0
0
0
0
0
0
0
0
0
0
0
0
0
0
0
0
0
0
0
0
0
0
0
0
0
0
0
0
0
0
0
0
0
0
0
0
0
0
0
0
0
0
0
0
0
0
0
0
0
0
0
0
0
0
0
0
0
0
0
0
0
0
0
0
0
0
0
0
0
0
0
0
0
0
0
0
0
0
0
0
0
0
0
0
0
0
0
0
0
0
0
0
0
0
0
0
0
0
0
0
0
0
0
0
0
0
0
0
0
0
0
0
0
0
0
0
0
0
0
0
0
0
0
0
0
0
0
0
0
0
0
0
0
0
0
0
0
0
0
0
0
0
0
0
0
0
0
0
0
0
0
0
0
0
0
0
0
0
0
0
0
0
0
0
0
0
0
0
0
0
0
0
0
0
0
0
0
0
0
0
0
0
0
0
0
0
0
0
0
0
0
0
0
0
0
0
0
0
0
0
0
0
0
0
0
0
0
0
0
0
0
0
0
0
0
0
0
0
0
0
0
0
0
0
0
0
0
0
0
0
0
0
0
0
0
0
0
0
0
0
0
0
0
0
0
0
0
0
0
0
0
0
0
0
0
0
0
0
0
0
0
0
0
0
0
0
0
0
0
0
0
0
0
0
0
0
0
0
0
0
0
0
0
0
0
0
0
0
0
0
0
0
0
0
0
0
0
0
0
0
0
0
0
0
0
0
0
0
0
0
0
0
0
0
0
0
0
0
0
0
0
0
0
0
0
0
0
0
0
0
0
0
0
0
0
0
0
0
0
0
0
0
0
0
0
0
0
0
0
0
0
0
0
0
0
0
0
0
0
0
0
0
0
0
0
0
0
0
0
0
0
0
0
0
0
0
0
0
0
0
0
0
0
0
0
0
0
0
0
0
0
0
0
0
0
0
0
0
0
0
0
0
0
0
0
0
0
0
0
0
0
0
0
0
0
0
0
0
0
0
0
0
0
0
0
0
0
0
0
0
0
0
0
0
0
0
0
0
0
0
0
0
0
0
0
0
0
0
0
0
0
0
0
0
0
0
0
0
0
0
0
0
0
0
0
0
0
0
0
0
0
0
0
0
0
0
0
0
0
0
0
0
0
0
0
0
0
0
0
0
0
0
0
0
0
0
0
0
0
0
0
0
0
0
0
0
0
0
0
0
0
0
0
0
0
0
0
0
0
0
0
0
0
0
0
0
0
0
0
0
0
0
0
0
0
0
0
0
0
0
0
0
0
0
0
0
0
0
0
0
0
0
0
0
0
0
0
0
0
0
0
0
0
0
0
0
0
0
0
0
0
0
0
0
0
0
0
0
0
0
0
0
0
0
0
0
0
0
0
0
0
0
0
0
0
0
0
0
0
0
0
0
0
0
0
0
0
0
0
0
0
0
0
0
0
0
0
0
0
0
0
0
0
0
0
0
0
0
0
0
0
0
0
0
0
0
0
0
0
0
0
0
0
0
0
0
0
0
0
0
0
0
0
0
0
0
0
0
0
0
0
0
0
0
0
0
0
0
0
0
0
0
0
0
0
0
0
0
0
0
0
0
0
0
0
0
0
0
0
0
0
0
0
0
0
0
0
0
0
0
0
0
0
0
0
0
0
0
0
0
0
0
0
0
0
0
0
0
0
0
0
0
0
0
0
0
0
0
0
0
0
0
0
0
0
0
0
0
0
0
0
0
0
0
0
0
0
0
0
0
0
0
0
0
0
0
0
0
0
0
0
0
0
0
0
0
0
0
0
0
0
0
0
0
0
0
0
0
0
0
0
0
0
0
0
0
0
0
0
0
0
0
0
0
0
0
0
0
0
0
0
0
0
0
0
0
0
0
0
0
0
0
0
0
0
0
0
0
0
0
0
0
0
0
0
0
0
0
0
0
0
0
0
0
0
0
0
0
0
0
0
0
0
0
0
0
0
0
0
0
0
0
0
0
0
0
0
0
0
0
0
0
0
0
0
0
0
0
0
0
0
0
0
0
0
0
0
0
0
0
0
0
0
0
0
0
0
0
0
0
0
0
0
0
0
0
0
0
0
0
0
0
0
0
0
0
0
0
0
0
0
0
0
0
0
0
0
0
0
0
0
0
0
0
0
0
0
0
0
0
0
0
0
0
0
0
0
0
0
0
0
0
0
0
0
0
0
0
0
0
0
0
0
0
0
0
0
0
0
0
0
0
0
0
0
0
0
0
0
0
0
0
0
0
0
0
0
0
0
0
0
0
0
0
0
0
0
0
0
0
0
0
0
0
0
0
0
0
0
0
0
0
0
0
0
0
0
0
0
0
0
0
0
0
0
0
0
0
0
0
0
0
0
0
0
0
0
0
0
0
0
0
0
0
0
0
0
0
0
0
0
0
0
0
0
0
0
0
0
0
0
0
0
0
0
0
0
0
0
0
0
0
0
0
0
0
0
0
0
0
0
0
0
0
0
0
0
0
0
0
0
0
0
0
0
0
0
0
0
0
0
0
0
0
0
0
0
0
0
0
0
0
0
0
0
0
0
0
0
0
0
0
0
0
0
0
0
0
0
0
0
0
0
0
0
0
0
0
0
0
0
0
0
0
0
0
0
0
0
0
0
0
0
0
0
0
0
0
0
0
0
0
0
0
0
0
0
0
0
0
0
0
0
0
0
0
0
0
0
0
0
0
0
0
0
0
0
0
0
0
0
0
0
0
0
0
0
0
0
0
0
0
0
0
0
0
0
0
0
0
0
0
0
0
0
0
0
0
0
0
0
0
0
0
0
0
0
0
0
0
0
0
0
0
0
0
0
0
0
0
0
0
0
0
0
0
0
0
0
0
0
0
0
0
0
0
0
0
0
0
0
0
0
0
0
0
0
0
0
0
0
0
0
0
0
0
0
0
0
0
0
0
0
0
0
0
0
0
0
0
0
0
0
0
0
0
0
0
0
0
0
0
0
0
0
0
0
0
0
0
0
0
0
0
0
0
0
0
0
0
0
0
0
0
0
0
0
0
0
0
0
0
0
0
0
0
0
0
0
0
0
0
0
0
0
0
0
0
0
0
0
0
0
0
0
0
0
0
0
0
0
0
0
0
0
0
0
0
0
0
0
0
0
0
0
0
0
0
0
0
0
0
0
0
0
0
0
0
0
0
0
0
0
0
0
0
0
0
0
0
0
0
0
0
0
0
0
0
0
0
0
0
0
0
0
0
0
0
0
0
0
0
0
0
0
0
0
0
0
0
0
0
0
0
0
0
0
0
0
0
0
0
0
0
0
0
0
0
0
0
0
0
0
0
0
0
0
0
0
0
0
0
0
0
0
0
0
0
0
0
0
0
0
0
0
0
0
0
0
0
0
0
0
0
0
0
0
0
0
0
0
0
0
0
0
0
0
0
0
0
0
0
0
0
0
0
0
0
0
0
0
0
0
0
0
0
0
0
0
0
0
0
0
0
0
0
0
0
0
0
0
0
0
0
0
0
0
0
0
0
0
0
0
0
0
0
0
0
0
0
0
0
0
0
0
0
0
0
0
0
0
0
0
0
0
0
0
0
0
0
0
0
0
0
0
0
0
0
0
0
0
0
0
0
0
0
0
0
0
0
0
0
0
0
0
0
0
0
0
0
0
0
0
0
0
0
0
0
0
0
0
0
0
0
0
0
0
0
0
0
0
0
0
0
0
0
0
0
0
0
0
0
0
0
0
0
0
0
0
0
0
0
0
0
0
0
0
0
0
0
0
0
0
0
0
0
0
0
0
0
0
0
0
0
0
0
0
0
0
0
0
0
0
0
0
0
0
0
0
0
0
0
0
0
0
0
0
0
0
0
0
0
0
0
0
0
0
0
0
0
0
0
0
0
0
0
0
0
0
0
0
0
0
0
0
0
0
0
0
0
0
0
0
0
0
0
0
0
0
0
0
0
0
0
0
0
0
0
0
0
0
0
0
0
0
0
0
0
0
0
0
0
0
0
0
0
0
0
0
0
0
0
0
0
0
0
0
0
0
0
0
0
0
0
0
0
0
0
0
0
0
0
0
0
0
0
0
0
0
0
0
0
0
0
0
0
0
0
0
0
0
0
0
0
0
0
0
0
0
0
0
0
0
0
0
0
0
0
0
0
0
0
0
0
0
0
0
0
0
0
0
0
0
0
0
0
0
0
0
0
0
0
0
0
0
0
0
0
0
0
0
0
0
0
0
0
0
0
0
0
0
0
0
0
0
0
0
0
0
0
0
0
0
0
0
0
0
0
0
0
0
0
0
0
0
0
0
0
0
0
0
0
0
0
0
0
0
0
0
0
0
0
0
0
0
0
0
0
0
0
0
0
0
0
0
0
0
0
0
0
0
0
0
0
0
0
0
0
0
0
0
0
0
0
0
0
0
0
0
0
0
0
0
0
0
0
0
0
0
0
0
0
0
0
0
0
0
0
0
0
0
0
0
0
0
0
0
0
0
0
0
0
0
0
0
0
0
0
0
0
0
0
0
0
0
0
0
0
0
0
0
0
0
0
0
0
0
0
0
0
0
0
0
0
0
0
0
0
0
0
0
0
0
0
0
0
0
0
0
0
0
0
0
0
0
0
0
0
0
0
0
0
0
0
0
0
0
0
0
0
0
0
0
0
0
0
0
0
0
0
0
0
0
0
0
0
0
0
0
0
0
0
0
0
0
0
0
0
0
0
0
0
0
0
0
0
0
0
0
0
0
0
0
0
0
0
0
0
0
0
0
0
0
0
0
0
0
0
0
0
0
0
0
0
0
0
0
0
0
0
0
0
0
0
0
0
0
0
0
0
0
0
0
0
0
0
0
0
0
0
0
0
0
0
0
0
0
0
0
0
0
0
0
0
0
0
0
0
0
0
0
0
0
0
0
0
0
0
0
0
0
0
0
0
0
0
0
0
0
0
0
0
0
0
0
0
0
0
0
0
0
0
0
0
0
0
0
0
0
0
0
0
0
0
0
0
0
0
0
0
0
0
0
0
0
0
0
0
0
0
0
0
0
0
0
0
0
0
0
0
0
0
0
0
0
0
0
0
0
0
0
0
0
0
0
0
0
0
0
0
0
0
0
0
0
0
0
0
0
0
0
0
0
0
0
0
0
0
0
0
0
0
0
0
0
0
0
0
0
0
0
0
0
0
0
0
0
0
0
0
0
0
0
0
0
0
0
0
0
0
0
0
0
0
0
0
0
0
0
0
0
0
0
0
0
0
0
0
0
0
0
0
0
0
0
0
0
0
0
0
0
0
0
0
0
0
0
0
0
0
0
0
0
0
0
0
0
0
0
0
0
0
0
0
0
0
0
0
0
0
0
0
0
0
0
0
0
0
0
0
0
0
0
0
0
0
0
0
0
0
0
0
0
0
0
0
0
0
0
0
0
0
0
0
0
0
0
0
0
0
0
0
0
0
0
0
0
0
0
0
0
0
0
0
0
0
0
0
0
0
0
0
0
0
0
0
0
0
0
0
0
0
0
0
0
0
0
0
0
0
0
0
0
0
0
0
0
0
0
0
0
0
0
0
0
0
0
0
0
0
0
0
0
0
0
0
0
0
0
0
0
0
0
0
0
0
0
0
0
0
0
0
0
0
0
0
0
0
0
0
0
0
0
0
0
0
0
0
0
0
0
0
0
0
0
0
0
0
0
0
0
0
0
0
0
0
0
0
0
0
0
0
0
0
0
0
0
0
0
0
0
0
0
0
0
0
0
0
0
0
0
0
0
0
0
0
0
0
0
0
0
0
0
0
0
0
0
0
0
0
0
0
0
0
0
0
0
0
0
0
0
0
0
0
0
0
0
0
0
0
0
0
0
0
0
0
0
0
0
0
0
0
0
0
0
0
0
0
0
0
0
0
0
0
0
0
0
0
0
0
0
0
0
0
0
0
0
0
0
0
0
0
0
0
0
0
0
0
0
0
0
0
0
0
0
0
0
0
0
0
0
0
0
0
0
0
0
0
0
0
0
0
0
0
0
0
0
0
0
0
0
0
0
0
0
0
0
0
0
0
0
0
0
0
0
0
0
0
0
0
0
0
0
0
0
0
0
0
0
0
0
0
0
0
0
0
0
0
0
0
0
0
0
0
0
0
0
0
0
0
0
0
0
0
0
0
0
0
0
0
0
0
0
0
0
0
0
0
0
0
0
0
0
0
0
0
0
0
0
0
0
0
0
0
0
0
0
0
0
0
0
0
0
0
0
0
0
0
0
0
0
0
0
0
0
0
0
0
0
0
0
0
0
0
0
0
0
0
0
0
0
0
0
0
0
0
0
0
0
0
0
0
0
0
0
0
0
0
0
0
0
0
0
0
0
0
0
0
0
0
0
0
0
0
0
0
0
0
0
0
0
0
0
0
0
0
0
0
0
0
0
0
0
0
0
0
0
0
0
0
0
0
0
0
0
0
0
0
0
0
0
0
0
0
0
0
0
0
0
0
0
0
0
0
0
0
0
0
0
0
0
0
0
0
0
0
0
0
0
0
0
0
0
0
0
0
0
0
0
0
0
0
0
0
0
0
0
0
0
0
0
0
0
0
0
0
0
0
0
0
0
0
0
0
0
0
0
0
0
0
0
0
0
0
0
0
0
0
0
0
0
0
0
0
0
0
0
0
0
0
0
0
0
0
0
0
0
0
0
0
0
0
0
0
0
0
0
0
0
0
0
0
0
0
0
0
0
0
0
0
0
0
0
0
0
0
0
0
0
0
0
0
0
0
0
0
0
0
0
0
0
0
0
0
0
0
0
0
0
0
0
0
0
0
0
0
0
0
0
0
0
0
0
0
0
0
0
0
0
0
0
0
0
0
0
0
0
0
0
0
0
0
0
0
0
0
0
0
0
0
0
0
0
0
0
0
0
0
0
0
0
0
0
0
0
0
0
0
0
0
0
0
0
0
0
0
0
0
0
0
0
0
0
0
0
0
0
0
0
0
0
0
0
0
0
0
0
0
0
0
0
0
0
0
0
0
0
0
0
0
0
0
0
0
0
0
0
0
0
0
0
0
0
0
0
0
0
0
0
0
0
0
0
0
0
0
0
0
0
0
0
0
0
0
0
0
0
0
0
0
0
0
0
0
0
0
0
0
0
0
0
0
0
0
0
0
0
0
0
0
0
0
0
0
0
0
0
0
0
0
0
0
0
0
0
0
0
0
0
0
0
0
0
0
0
0
0
0
0
0
0
0
0
0
0
0
0
0
0
0
0
0
0
0
0
0
0
0
0
0
0
0
0
0
0
0
0
0
0
0
0
0
0
0
0
0
0
0
0
0
0
0
0
0
0
0
0
0
0
0
0
0
0
0
0
0
0
0
0
0
0
0
0
0
0
0
0
0
0
0
0
0
0
0
0
0
0
0
0
0
0
0
0
0
0
0
0
0
0
0
0
0
0
0
0
0
0
0
0
0
0
0
0
0
0
0
0
0
0
0
0
0
0
0
0
0
0
0
0
0
0
0
0
0
0
0
0
0
0
0
0
0
0
0
0
0
0
0
0
0
0
0
0
0
0
0
0
0
0
0
0
0
0
0
0
0
0
0
0
0
0
0
0
0
0
0
0
0
0
0
0
0
0
0
0
0
0
0
0
0
0
0
0
0
0
0
0
0
0
0
0
0
0
0
0
0
0
0
0
0
0
0
0
0
0
0
0
0
0
0
0
0
0
0
0
0
0
0
0
0
0
0
0
0
0
0
0
0
0
0
0
0
0
0
0
0
0
0
0
0
0
0
0
0
0
0
0
0
0
0
0
0
0
0
0
0
0
0
0
0
0
0
0
0
0
0
0
0
0
0
0
0
0
0
0
0
0
0
0
0
0
0
0
0
0
0
0
0
0
0
0
0
0
0
0
0
0
0
0
0
0
0
0
0
0
0
0
0
0
0
0
0
0
0
0
0
0
0
0
0
0
0
0
0
0
0
0
0
0
0
0
0
0
0
0
0
0
0
0
0
0
0
0
0
0
0
0
0
0
0
0
0
0
0
0
0
0
0
0
0
0
0
0
0
0
0
0
0
0
0
0
0
0
0
0
0
0
0
0
0
0
0
0
0
0
0
0
0
0
0
0
0
0
0
0
0
0
0
0
0
0
0
0
0
0
0
0
0
0
0
0
0
0
0
0
0
0
0
0
0
0
0
0
0
0
0
0
0
0
0
0
0
0
0
0
0
0
0
0
0
0
0
0
0
0
0
0
0
0
0
0
0
0
0
0
0
0
0
0
0
0
0
0
0
0
0
0
0
0
0
0
0
0
0
0
0
0
0
0
0
0
0
0
0
0
0
0
0
0
0
0
0
0
0
0
0
0
0
0
0
0
0
0
0
0
0
0
0
0
0
0
0
0
0
0
0
0
0
0
0
0
0
0
0
0
0
0
0
0
0
0
0
0
0
0
0
0
0
0
0
0
0
0
0
0
0
0
0
0
0
0
0
0
0
0
0
0
0
0
0
0
0
0
0
0
0
0
0
0
0
0
0
0
0
0
0
0
0
0
0
0
0
0
0
0
0
0
0
0
0
0
0
0
0
0
0
0
0
0
0
0
0
0
0
0
0
0
0
0
0
0
0
0
0
0
0
0
0
0
0
0
0
0
0
0
0
0
0
0
0
0
0
0
0
0
0
0
0
0
0
0
0
0
0
0
0
0
0
0
0
0
0
0
0
0
0
0
0
0
0
0
0
0
0
0
0
0
0
0
0
0
0
0
0
0
0
0
0
0
0
0
0
0
0
0
0
0
0
0
0
0
0
0
0
0
0
0
0
0
0
0
0
0
0
0
0
0
0
0
0
0
0
0
0
0
0
0
0
0
0
0
0
0
0
0
0
0
0
0
0
0
0
0
0
0
0
0
0
0
0
0
0
0
0
0
0
0
0
0
0
0
0
0
0
0
0
0
0
0
0
0
0
0
0
0
0
0
0
0
0
0
0
0
0
0
0
0
0
0
0
0
0
0
0
0
0
0
0
0
0
0
0
0
0
0
0
0
0
0
0
0
0
0
0
0
0
0
0
0
0
0
0
0
0
0
0
0
0
0
0
0
0
0
0
0
0
0
0
0
0
0
0
0
0
0
0
0
0
0
0
0
0
0
0
0
0
0
0
0
0
0
0
0
0
0
0
0
0
0
0
0
0
0
0
0
0
0
0
0
0
0
0
0
0
0
0
0
0
0
0
0
0
0
0
0
0
0
0
0
0
0
0
0
0
0
0
0
0
0
0
0
0
0
0
0
0
0
0
0
0
0
0
0
0
0
0
0
0
0
0
0
0
0
0
0
0
0
0
0
0
0
0
0
0
0
0
0
0
0
0
0
0
0
0
0
0
0
0
0
0
0
0
0
0
0
0
0
0
0
0
0
0
0
0
0
0
0
0
0
0
0
0
0
0
0
0
0
0
0
0
0
0
0
0
0
0
0
0
0
0
0
0
0
0
0
0
0
0
0
0
0
0
0
0
0
0
0
0
0
0
0
0
0
0
0
0
0
0
0
0
0
0
0
0
0
0
0
0
0
0
0
0
0
0
0
0
0
0
0
0
0
0
0
0
0
0
0
0
0
0
0
0
0
0
0
0
0
0
0
0
0
0
0
0
0
0
0
0
0
0
0
0
0
0
0
0
0
0
0
0
0
0
0
0
0
0
0
0
0
0
0
0
0
0
0
0
0
0
0
0
0
0
0
0
0
0
0
0
0
0
0
0
0
0
0
0
0
0
0
0
0
0
0
0
0
0
0
0
0
0
0
0
0
0
0
0
0
0
0
0
0
0
0
0
0
0
0
0
0
0
0
0
0
0
0
0
0
0
0
0
0
0
0
0
0
0
0
0
0
0
0
0
0
0
0
0
0
0
0
0
0
0
0
0
0
0
0
0
0
0
0
0
0
0
0
0
0
0
0
0
0
0
0
0
0
0
0
0
0
0
0
0
0
0
0
0
0
0
0
0
0
0
0
0
0
0
0
0
0
0
0
0
0
0
0
0
0
0
0
0
0
0
0
0
0
0
0
0
0
0
0
0
0
0
0
0
0
0
0
0
0
0
0
0
0
0
0
0
0
0
0
0
0
0
0
0
0
0
0
0
0
0
0
0
0
0
0
0
0
0
0
0
0
0
0
0
0
0
0
0
0
0
0
0
0
0
0
0
0
0
0
0
0
0
0
0
0
0
0
0
0
0
0
0
0
0
0
0
0
0
0
0
0
0
0
0
0
0
0
0
0
0
0
0
0
0
0
0
0
0
0
0
0
0
0
0
0
0
0
0
0
0
0
0
0
0
0
0
0
0
0
0
0
0
0
0
0
0
0
0
0
0
0
0
0
0
0
0
0
0
0
0
0
0
0
0
0
0
0
0
0
0
0
0
0
0
0
0
0
0
0
0
0
0
0
0
0
0
0
0
0
0
0
0
0
0
0
0
0
0
0
0
0
0
0
0
0
0
0
0
0
0
0
0
0
0
0
0
0
0
0
0
0
0
0
0
0
0
0
0
0
0
0
0
0
0
0
0
0
0
0
0
0
0
0
0
0
0
0
0
0
0
0
0
0
0
0
0
0
0
0
0
0
0
0
0
0
0
0
0
0
0
0
0
0
0
0
0
0
0
0
0
0
0
0
0
0
0
0
0
0
0
0
0
0
0
0
0
0
0
0
0
0
0
0
0
0
0
0
0
0
0
0
0
0
0
0
0
0
0
0
0
0
0
0
0
0
0
0
0
0
0
0
0
0
0
0
0
0
0
0
0
0
0
0
0
0
0
0
0
0
0
0
0
0
0
0
0
0
0
0
0
0
0
0
0
0
0
0
0
0
0
0
0
0
0
0
0
0
0
0
0
0
0
0
0
0
0
0
0
0
0
0
0
0
0
0
0
0
0
0
0
0
0
0
0
0
0
0
0
0
0
0
0
0
0
0
0
0
0
0
0
0
0
0
0
0
0
0
0
0
0
0
0
0
0
0
0
0
0
0
0
0
0
0
0
0
0
0
0
0
0
0
0
0
0
0
0
0
0
0
0
0
0
0
0
0
0
0
0
0
0
0
0
0
0
0
0
0
0
0
0
0
0
0
0
0
0
0
0
0
0
0
0
0
0
0
0
0
0
0
0
0
0
0
0
0
0
0
0
0
0
0
0
0
0
0
0
0
0
0
0
0
0
0
0
0
0
0
0
0
0
0
0
0
0
0
0
0
0
0
0
0
0
0
0
0
0
0
0
0
0
0
0
0
0
0
0
0
0
0
0
0
0
0
0
0
0
0
0
0
0
0
0
0
0
0
0
0
0
0
0
0
0
0
0
0
0
0
0
0
0
0
0
0
0
0
0
0
0
0
0
0
0
0
0
0
0
0
0
0
0
0
0
0
0
0
0
0
0
0
0
0
0
0
0
0
0
0
0
0
0
0
0
0
0
0
0
0
0
0
0
0
0
0
0
0
0
0
0
0
0
0
0
0
0
0
0
0
0
0
0
0
0
0
0
0
0
0
0
0
0
0
0
0
0
0
0
0
0
0
0
0
0
0
0
0
0
0
0
0
0
0
0
0
0
0
0
0
0
0
0
0
0
0
0
0
0
0
0
0
0
0
0
0
0
0
0
0
0
0
0
0
0
0
0
0
0
0
0
0
0
0
0
0
0
0
0
0
0
0
0
0
0
0
0
0
0
0
0
0
0
0
0
0
0
0
0
0
0
0
0
0
0
0
0
0
0
0
0
0
0
0
0
0
0
0
0
0
0
0
0
0
0
0
0
0
0
0
0
0
0
0
0
0
0
0
0
0
0
0
0
0
0
0
0
0
0
0
0
0
0
0
0
0
0
0
0
0
0
0
0
0
0
0
0
0
0
0
0
0
0
0
0
0
0
0
0
0
0
0
0
0
0
0
0
0
0
0
0
0
0
0
0
0
0
0
0
0
0
0
0
0
0
0
0
0
0
0
0
0
0
0
0
0
0
0
0
0
0
0
0
0
0
0
0
0
0
0
0
0
0
0
0
0
0
0
0
0
0
0
0
0
0
0
0
0
0
0
0
0
0
0
0
0
0
0
0
0
0
0
0
0
0
0
0
0
0
0
0
0
0
0
0
0
0
0
0
0
0
0
0
0
0
0
0
0
0
0
0
0
0
0
0
0
0
0
0
0
0
0
0
0
0
0
0
0
0
0
0
0
0
0
0
0
0
0
0
0
0
0
0
0
0
0
0
0
0
0
0
0
0
0
0
0
0
0
0
0
0
0
0
0
0
0
0
0
0
0
0
0
0
0
0
0
0
0
0
0
0
0
0
0
0
0
0
0
0
0
0
0
0
0
0
0
0
0
0
0
0
0
0
0
0
0
0
0
0
0
0
0
0
0
0
0
0
0
0
0
0
0
0
0
0
0
0
0
0
0
0
0
0
0
0
0
0
0
0
0
0
0
0
0
0
0
0
0
0
0
0
0
0
0
0
0
0
0
0
0
0
0
0
0
0
0
0
0
0
0
0
0
0
0
0
0
0
0
0
0
0
0
0
0
0
0
0
0
0
0
0
0
0
0
0
0
0
0
0
0
0
0
0
0
0
0
0
0
0
0
0
0
0
0
0
0
0
0
0
0
0
0
0
0
0
0
0
0
0
0
0
0
0
0
0
0
0
0
0
0
0
0
0
0
0
0
0
0
0
0
0
0
0
0
0
0
0
0
0
0
0
0
0
0
0
0
0
0
0
0
0
0
0
0
0
0
0
0
0
0
0
0
0
0
0
0
0
0
0
0
0
0
0
0
0
0
0
0
0
0
0
0
0
0
0
0
0
0
0
0
0
0
0
0
0
0
0
0
0
0
0
0
0
0
0
0
0
0
0
0
0
0
0
0
0
0
0
0
0
0
0
0
0
0
0
0
0
0
0
0
0
0
0
0
0
0
0
0
0
0
0
0
0
0
0
0
0
0
0
0
0
0
0
0
0
0
0
0
0
0
0
0
0
0
0
0
0
0
0
0
0
0
0
0
0
0
0
0
0
0
0
0
0
0
0
0
0
0
0
0
0
0
0
0
0
0
0
0
0
0
0
0
0
0
0
0
0
0
0
0
0
0
0
0
0
0
0
0
0
0
0
0
0
0
0
0
0
0
0
0
0
0
0
0
0
0
0
0
0
0
0
0
0
0
0
0
0
0
0
0
0
0
0
0
0
0
0
0
0
0
0
0
0
0
0
0
0
0
0
0
0
0
0
0
0
0
0
0
0
0
0
0
0
0
0
0
0
0
0
0
0
0
0
0
0
0
0
0
0
0
0
0
0
0
0
0
0
0
0
0
0
0
0
0
0
0
0
0
0
0
0
0
0
0
0
0
0
0
0
0
0
0
0
0
0
0
0
0
0
0
0
0
0
0
0
0
0
0
0
0
0
0
0
0
0
0
0
0
0
0
0
0
0
0
0
0
0
0
0
0
0
0
0
0
0
0
0
0
0
0
0
0
0
0
0
0
0
0
0
0
0
0
0
0
0
0
0
0
0
0
0
0
0
0
0
0
0
0
0
0
0
0
0
0
0
0
0
0
0
0
0
0
0
0
0
0
0
0
0
0
0
0
0
0
0
0
0
0
0
0
0
0
0
0
0
0
0
0
0
0
0
0
0
0
0
0
0
0
0
0
0
0
0
0
0
0
0
0
0
0
0
0
0
0
0
0
0
0
0
0
0
0
0
0
0
0
0
0
0
0
0
0
0
0
0
0
0
0
0
0
0
0
0
0
0
0
0
0
0
0
0
0
0
0
0
0
0
0
0
0
0
0
0
0
0
0
0
0
0
0
0
0
0
0
0
0
0
0
0
0
0
0
0
0
0
0
0
0
0
0
0
0
0
0
0
0
0
0
0
0
0
0
0
0
0
0
0
0
0
0
0
0
0
0
0
0
0
0
0
0
0
0
0
0
0
0
0
0
0
0
0
0
0
0
0
0
0
0
0
0
0
0
0
0
0
0
0
0
0
0
0
0
0
0
0
0
0
0
0
0
0
0
0
0
0
0
0
0
0
0
0
0
0
0
0
0
0
0
0
0
0
0
0
0
0
0
0
0
0
0
0
0
0
0
0
0
0
0
0
0
0
0
0
0
0
0
0
0
0
0
0
0
0
0
0
0
0
0
0
0
0
0
0
0
0
0
0
0
0
0
0
0
0
0
0
0
0
0
0
0
0
0
0
0
0
0
0
0
0
0
0
0
0
0
0
0
0
0
0
0
0
0
0
0
0
0
0
0
0
0
0
0
0
0
0
0
0
0
0
0
0
0
0
0
0
0
0
0
0
0
0
0
0
0
0
0
0
0
0
0
0
0
0
0
0
0
0
0
0
0
0
0
0
0
0
0
0
0
0
0
0
0
0
0
0
0
0
0
0
0
0
0
0
0
0
0
0
0
0
0
0
0
0
0
0
0
0
0
0
0
0
0
0
0
0
0
0
0
0
0
0
0
0
0
0
0
0
0
0
0
0
0
0
0
0
0
0
0
0
0
0
0
0
0
0
0
0
0
0
0
0
0
0
0
0
0
0
0
0
0
0
0
0
0
0
0
0
0
0
0
0
0
0
0
0
0
0
0
0
0
0
0
0
0
0
0
0
0
0
0
0
0
0
0
0
0
0
0
0
0
0
0
0
0
0
0
0
0
0
0
0
0
0
0
0
0
0
0
0
0
0
0
0
0
0
0
0
0
0
0
0
0
0
0
0
0
0
0
0
