0
3071
715
49
3
5
6
3
8
7
6
1
9
2
3
1
3
7
1
6
3
3
9
6
8
2
5
8
7
3
1
5
6
8
3
11
7
7
11
11
9
12
17
16
40
47
58
92
129
149
188
280
385
418
499
714
942
1141
1263
1437
1649
1767
2097
2436
2374
2451
2708
2907
2963
3080
3235
3325
3389
3396
3531
3689
3815
3774
4140
3931
3892
3994
4051
4010
4195
4181
4162
4305
4264
4332
4513
4324
4527
5207
4503
4426
4438
4524
4510
4536
4598
4523
4634
4599
4668
4681
4636
4654
4645
4698
4649
4739
4859
4779
4787
4751
4828
4838
4759
4886
4938
4869
4912
4989
4911
4958
4862
4872
4864
4892
4987
5026
4990
4886
4883
5546
5548
4991
4947
4840
4967
4958
4890
4759
4999
4942
4884
5092
4987
4990
5060
4966
4953
4881
4990
5640
5017
4997
4929
5051
4926
4962
6129
4982
4859
4966
4825
4852
4866
4865
4946
4896
4837
4761
4988
4839
5021
5037
4910
4994
4959
4813
4952
4939
4927
4930
4866
4874
5018
4975
4951
4972
4983
5205
4984
4995
5059
5197
5061
5185
5186
5138
5138
5202
5520
5283
5269
5222
5238
5420
5313
5451
5580
5528
5413
5391
5408
5568
5812
5723
5557
5698
5893
5786
5801
5959
5954
6084
6022
6098
5921
6158
6171
6325
6357
6526
6426
6557
6632
6696
6838
6807
7548
7224
7135
7253
7348
7308
7465
7526
7421
7486
7578
7511
7546
7441
6923
6637
6401
6053
5789
5851
5723
5711
5595
5612
5576
5590
5541
5422
5521
5466
5398
5371
5309
5158
5170
5165
5176
5030
4969
4930
4868
4970
4940
4942
5110
4912
4927
4986
5004
4816
4864
5008
4882
4897
4792
4261
4280
3543
3425
3210
3233
3213
3046
3075
3063
3043
3126
3540
5328
28299
130028
12800
1956
1946
1873
1805
1806
1653
1618
1497
1339
1266
1148
1177
1068
996
960
1070
930
767
794
692
717
670
669
635
640
670
630
697
584
585
552
608
620
568
623
699
859
1184
2317
8053
99320
47541
430
190
179
153
167
164
176
148
145
121
239
167
147
150
126
117
146
126
175
140
106
114
123
117
126
134
113
130
140
125
187
367
3952
2806
108
70
72
65
57
83
74
76
89
68
84
113
90
72
83
72
59
67
71
83
72
61
66
55
67
46
70
49
55
51
81
79
109
112
82
59
51
42
63
43
61
75
51
62
75
57
53
52
38
53
49
49
52
48
41
39
45
33
56
40
48
40
47
28
46
44
42
42
37
62
102
30
49
44
39
36
60
57
79
408
100
42
45
33
37
39
29
35
37
42
27
46
26
42
41
41
44
40
28
48
53
70
42
44
38
46
47
31
37
24
36
24
33
46
43
46
31
30
35
37
51
32
30
32
42
47
35
36
31
33
41
36
30
41
32
44
34
38
28
37
26
17
36
35
27
28
43
29
26
31
42
27
22
36
28
40
37
27
25
22
27
23
25
28
37
24
40
28
37
110
68
39
42
50
31
33
32
32
30
29
21
42
24
28
28
23
29
42
36
24
38
35
34
25
38
51
138
38
30
40
23
28
29
30
30
25
32
20
29
35
30
36
41
29
28
41
32
35
39
35
32
34
39
24
38
32
36
27
39
31
23
34
35
33
35
31
25
38
32
29
28
34
37
31
37
25
27
26
22
20
18
15
16
17
22
23
15
23
17
22
36
46
18
11
11
9
10
8
12
5
14
10
10
8
10
17
75
53
11
9
5
2
7
7
5
5
8
2
3
7
6
3
3
3
7
3
5
4
8
6
5
8
6
19
52
447
442
9
1
2
2
1
1
0
0
3
0
0
3
5
2
1
1
1
1
1
0
1
2
1
0
1
1
1
1
1
0
4
1
0
3
1
1
1
0
1
1
0
2
0
2
0
3
0
1
0
0
3
2
0
1
1
0
1
2
1
1
3
0
0
0
1
3
0
0
2
0
0
0
2
1
2
2
3
0
1
0
1
3
1
2
1
3
2
2
2
1
1
0
1
1
1
1
0
0
1
1
1
2
1
0
1
0
0
1
1
0
1
1
2
0
0
1
1
0
1
1
2
2
0
0
0
0
0
2
1
2
0
1
0
0
0
0
2
1
3
0
0
1
1
0
2
0
1
0
1
1
1
2
0
2
1
1
1
1
0
4
2
0
0
1
0
0
0
0
1
0
1
1
1
1
0
1
2
0
2
2
0
1
0
0
1
2
0
1
2
1
1
0
0
1
0
0
1
1
1
0
1
0
0
0
0
0
0
3
2
0
0
1
2
1
1
1
1
0
0
0
1
0
1
1
1
0
0
0
1
0
1
0
0
2
0
0
0
1
1
1
0
0
0
1
0
0
1
2
1
1
0
0
2
1
0
1
1
2
0
1
0
1
0
1
1
1
2
0
1
0
1
1
2
0
0
1
1
0
0
0
1
0
1
1
0
0
1
0
1
0
0
2
1
0
0
2
0
0
0
2
0
2
1
0
1
0
1
0
0
0
0
0
0
0
0
1
0
0
2
1
0
1
1
0
0
1
1
0
1
0
0
0
1
0
3
0
0
0
0
2
0
3
0
0
0
0
2
1
1
1
0
3
0
0
1
1
1
1
0
0
0
0
0
1
0
0
0
0
1
0
0
1
1
0
0
1
1
1
0
0
1
0
0
0
1
1
1
1
0
2
2
0
0
0
1
0
1
2
2
1
0
1
0
2
0
3
1
3
1
1
0
3
0
1
1
1
0
2
1
0
2
0
1
1
1
0
0
0
1
0
1
0
0
1
0
0
0
0
0
0
0
2
1
0
0
1
0
2
0
0
0
1
0
1
2
1
0
0
0
0
0
0
0
0
1
2
1
0
0
0
0
1
0
1
1
0
1
1
1
1
2
0
1
2
1
0
3
1
0
0
0
3
0
0
0
0
0
0
1
0
1
0
0
0
1
0
0
0
2
0
1
1
0
0
0
1
0
1
0
1
0
0
0
0
0
0
0
1
0
1
1
0
2
1
1
1
0
0
0
0
1
1
0
1
0
1
0
1
0
0
0
2
1
0
0
0
0
0
1
0
1
1
2
0
4
1
0
1
1
1
0
0
0
3
1
0
1
0
0
0
0
0
1
1
1
1
0
3
0
1
1
0
0
0
2
0
0
0
1
0
1
2
0
0
1
1
0
0
0
1
1
1
0
0
1
0
2
0
1
3
0
0
0
2
0
1
1
0
2
0
1
0
1
1
0
0
0
1
1
2
2
2
1
1
1
0
0
0
0
1
4
0
1
1
0
0
0
0
2
0
0
1
0
1
0
1
0
1
0
0
1
0
0
3
0
0
0
1
2
1
0
1
1
0
1
0
0
0
0
0
1
0
0
0
0
2
0
0
1
1
0
0
0
0
0
0
0
0
1
1
0
0
0
1
2
0
1
1
0
1
0
0
1
0
0
0
1
0
0
0
0
0
0
0
0
1
0
0
0
2
0
0
0
0
1
0
1
0
0
0
0
0
0
0
0
1
1
1
1
0
0
1
1
0
0
0
0
0
1
0
0
0
0
0
1
0
0
1
0
1
0
0
0
1
0
0
0
0
1
0
1
1
0
1
0
1
1
0
1
1
0
1
1
1
1
1
1
0
1
0
0
0
0
0
0
0
0
2
0
0
2
1
0
0
1
1
1
0
0
0
0
0
0
1
0
1
1
0
0
0
0
1
1
0
0
1
1
0
0
0
0
0
1
0
1
1
0
0
0
0
0
0
0
1
0
0
1
0
0
0
1
1
0
0
0
0
0
0
0
1
1
2
0
0
0
0
2
1
0
0
0
0
0
0
0
1
2
1
0
2
1
0
1
1
2
2
0
0
1
0
1
1
0
1
0
1
0
0
1
0
0
0
0
0
0
1
0
0
0
0
0
0
0
0
1
0
0
1
1
0
0
0
0
1
0
0
0
0
0
0
0
0
0
0
0
2
1
0
0
1
0
0
0
0
0
0
1
0
0
0
1
1
0
0
0
0
1
2
1
1
1
0
0
1
0
1
0
2
0
1
0
0
2
1
1
0
0
2
1
1
2
1
0
1
1
0
1
0
1
0
0
0
1
0
1
0
1
2
1
1
1
2
0
0
0
1
2
0
2
0
0
0
2
0
1
1
2
1
0
1
1
1
0
0
1
1
0
0
0
0
0
1
0
0
1
0
0
0
0
1
0
0
0
0
0
0
0
1
0
0
0
1
0
1
0
1
0
1
1
0
1
0
1
0
1
0
1
1
0
1
0
0
0
1
0
0
0
0
0
2
0
0
0
2
2
1
0
1
1
0
0
3
0
0
0
0
0
1
0
0
1
0
0
0
0
0
0
1
1
0
0
0
0
2
0
0
1
0
1
0
0
0
2
0
1
0
1
0
1
0
0
1
1
1
0
1
1
0
0
0
1
0
0
1
1
0
1
0
0
0
0
1
0
1
0
1
0
0
0
0
0
0
0
0
0
0
0
0
0
0
1
0
1
0
0
0
2
0
1
1
2
0
1
0
0
1
2
0
0
0
1
1
0
0
1
1
0
0
1
0
1
3
0
0
1
0
0
0
1
0
0
0
0
0
0
0
0
2
2
0
2
0
0
1
0
0
0
0
2
1
2
0
1
0
0
0
0
0
0
0
0
0
1
0
0
0
1
1
0
0
0
1
0
0
0
1
1
0
0
0
0
0
0
0
0
0
0
1
1
1
0
0
0
0
0
1
1
0
1
1
0
0
0
0
0
1
0
0
1
1
1
0
0
1
1
0
0
0
0
0
0
0
0
0
1
0
0
0
0
0
0
0
1
0
1
0
0
0
1
0
1
0
0
0
2
0
0
0
0
0
0
0
1
0
0
1
0
0
0
1
0
1
0
0
1
1
0
0
0
0
1
0
0
0
0
1
0
1
0
0
1
0
0
0
2
0
0
0
1
1
1
0
0
0
0
0
0
0
0
0
1
0
1
1
0
0
0
0
0
0
0
0
0
1
0
0
0
0
0
0
1
2
0
0
0
1
1
3
0
0
0
1
0
1
0
2
0
1
0
0
0
0
0
0
2
0
0
0
0
0
2
1
0
0
0
0
1
0
0
2
0
0
0
0
0
1
2
0
1
0
0
0
1
0
0
0
1
1
0
0
0
1
0
0
0
1
0
0
1
0
0
0
0
3
0
0
0
0
0
1
0
0
1
1
0
0
1
0
0
2
0
0
0
0
0
1
2
1
0
1
2
0
0
0
0
1
0
0
0
0
0
1
0
2
0
0
0
1
0
0
0
1
0
0
0
0
0
0
0
1
0
0
1
1
1
0
0
0
0
0
0
0
0
1
2
0
1
1
0
0
0
0
1
0
1
1
0
0
0
0
0
0
0
0
0
0
1
0
2
0
0
0
0
0
0
0
1
0
1
0
0
0
0
1
0
0
0
0
1
0
0
0
0
0
0
1
0
0
0
0
0
0
0
0
0
0
0
1
0
0
1
1
0
0
0
0
0
0
0
0
0
0
0
1
0
0
1
0
1
0
0
0
0
0
0
0
0
1
0
0
0
0
0
3
1
0
0
1
0
0
0
0
0
0
1
0
0
1
0
2
0
2
1
0
0
0
1
1
0
0
1
1
0
0
0
0
0
0
0
0
0
0
0
0
0
2
0
0
0
0
0
0
1
0
0
0
0
0
0
0
0
1
0
2
0
1
0
2
1
0
0
0
0
0
0
0
0
0
0
0
0
0
1
0
0
0
0
1
0
0
0
0
0
0
0
0
1
0
0
1
0
0
0
0
1
2
0
0
0
0
0
1
1
2
0
0
0
1
0
0
0
0
0
0
0
0
0
0
1
0
0
0
0
0
0
0
0
0
0
0
1
0
0
0
0
0
0
0
1
0
0
0
0
0
1
0
1
0
0
0
0
0
0
0
0
0
0
0
0
1
0
0
1
0
0
0
0
0
1
0
0
0
0
0
0
0
1
0
0
1
0
0
0
0
1
0
0
0
0
0
1
0
0
0
1
0
0
1
0
0
0
1
0
0
0
0
0
0
0
0
0
1
0
1
1
0
0
0
0
0
0
0
1
0
0
0
0
0
1
1
0
0
0
1
0
0
0
0
0
0
0
1
0
1
0
0
0
0
0
0
0
0
0
0
1
0
0
0
0
0
0
0
1
2
0
0
1
1
0
0
1
0
1
1
1
0
0
0
0
0
0
0
0
0
0
0
0
0
0
1
0
0
1
1
0
0
0
0
1
0
0
0
0
1
0
0
0
0
1
0
0
0
0
0
0
0
2
2
0
0
0
0
0
0
0
0
0
0
0
0
1
0
0
3
0
0
0
1
0
1
0
0
0
0
0
2
1
0
0
0
0
0
0
0
0
0
0
0
0
0
0
0
0
0
0
0
0
1
0
0
0
0
0
0
2
0
1
0
1
0
1
0
2
1
0
0
1
1
0
1
0
0
1
0
0
1
0
1
0
1
0
0
0
0
0
0
0
0
0
2
1
0
2
1
0
0
0
0
1
0
0
0
0
0
1
0
1
0
0
1
1
0
0
0
1
0
1
1
0
0
0
0
0
0
2
0
0
0
1
0
0
0
0
0
0
1
1
0
0
2
0
0
0
1
0
1
0
0
0
0
0
1
0
1
1
0
0
0
1
0
0
0
0
0
0
0
0
1
1
1
0
0
0
1
0
0
0
0
0
0
0
0
1
0
0
0
0
0
1
0
0
2
0
0
0
0
0
0
0
0
1
0
0
0
0
1
0
1
0
0
0
0
0
0
0
0
0
0
0
1
0
0
0
0
1
2
1
0
0
0
1
0
0
0
0
0
0
0
1
0
0
0
0
0
0
0
0
1
0
0
0
0
0
0
0
0
0
0
0
0
1
2
1
0
0
1
0
0
0
1
0
0
1
0
0
0
0
0
0
0
0
0
0
1
0
0
0
0
0
1
0
0
0
1
0
0
1
0
0
0
0
0
0
0
0
1
0
0
1
0
0
0
1
0
1
1
0
0
0
1
0
0
0
0
0
0
0
0
1
0
2
1
0
0
0
0
0
1
0
1
0
0
1
0
0
1
0
1
0
0
1
1
0
0
0
1
0
0
0
0
1
0
0
0
0
1
0
1
1
0
0
0
0
1
0
0
1
0
1
1
0
1
0
0
0
0
0
0
0
0
0
0
0
0
0
0
0
0
0
0
0
0
2
0
0
0
0
0
0
0
0
1
2
0
0
0
0
0
1
0
0
0
0
1
0
0
0
0
3
0
0
0
2
0
1
0
0
0
0
0
1
0
0
0
0
0
1
0
1
0
0
0
1
0
2
0
0
0
1
0
0
0
0
0
0
0
0
0
0
0
0
0
1
2
0
0
1
0
0
0
0
0
0
0
0
0
3
0
0
1
0
0
0
0
0
0
1
0
1
0
0
0
0
0
0
0
0
0
0
0
0
0
0
0
0
1
0
0
0
1
0
0
1
0
1
0
1
0
0
0
0
0
0
0
0
0
1
0
0
0
1
1
1
0
1
0
0
1
1
1
2
1
0
0
1
0
0
0
0
0
0
0
0
1
0
1
1
1
0
0
1
0
0
0
1
0
0
1
1
0
0
1
0
1
1
0
0
0
0
0
0
0
0
2
0
0
0
0
0
0
0
0
0
0
0
0
0
0
1
0
0
0
0
0
0
0
0
0
0
0
0
0
0
1
0
0
0
0
1
0
0
0
1
1
1
1
0
0
0
0
1
1
1
0
0
0
0
0
0
1
0
0
0
0
1
0
0
0
0
0
0
0
0
0
0
0
1
0
1
0
0
0
0
1
1
0
1
0
0
1
0
1
0
0
0
0
0
0
0
0
0
0
0
0
1
1
0
0
0
0
0
0
0
1
1
1
0
0
0
0
1
1
0
0
0
1
0
1
0
0
1
0
0
1
2
0
0
0
0
1
1
0
0
0
1
0
0
0
0
1
1
0
1
0
0
0
0
0
0
0
0
0
0
0
0
0
0
1
1
0
0
0
1
0
1
0
0
1
1
0
0
1
0
0
0
0
1
0
0
0
0
0
0
0
0
1
0
0
0
0
0
0
0
0
0
0
0
0
0
0
1
1
2
1
0
0
1
0
0
0
0
1
0
0
0
0
0
0
0
0
0
0
0
0
0
1
1
0
0
0
1
0
0
1
1
1
0
1
2
0
0
0
0
0
0
1
0
0
1
0
1
0
1
1
1
0
0
1
0
0
0
0
0
0
0
1
0
0
0
1
0
0
1
0
1
0
0
0
0
0
0
0
0
0
1
0
0
0
1
0
0
0
0
1
0
1
0
1
0
1
1
0
0
1
0
0
0
0
0
0
0
0
0
1
0
1
2
1
0
1
0
1
0
0
0
0
0
0
1
0
0
1
0
0
0
0
0
0
0
0
0
0
0
1
0
0
1
0
0
0
0
0
0
0
0
0
1
0
0
0
0
0
0
0
0
1
0
1
0
0
0
1
0
0
1
0
0
0
0
0
1
0
0
0
0
0
0
0
0
0
0
1
0
1
0
1
1
0
0
0
0
0
0
1
0
0
0
0
0
1
0
0
0
1
0
0
0
0
0
1
0
0
0
0
0
0
0
0
0
0
1
0
2
0
0
0
0
0
0
0
0
0
0
0
0
0
0
0
1
1
1
0
0
1
0
0
0
0
0
0
0
0
0
0
0
0
0
0
1
0
0
1
1
0
0
0
1
0
0
0
0
0
0
0
0
0
1
0
0
0
0
0
0
0
2
0
0
0
0
1
0
0
0
0
0
0
0
0
0
0
0
0
0
0
1
0
0
0
0
0
0
0
1
0
0
0
0
0
2
0
0
0
1
0
0
0
0
0
1
0
0
0
0
1
0
0
0
0
0
1
0
0
1
0
0
0
0
0
0
0
0
0
0
1
0
0
1
0
0
0
0
0
0
1
0
0
0
1
0
0
0
1
0
0
0
0
0
0
0
0
0
0
0
0
0
0
0
0
1
0
0
0
0
0
0
1
0
0
0
0
0
0
0
0
0
0
0
1
0
1
0
0
1
0
0
1
0
2
1
0
0
0
0
0
0
2
0
0
0
1
0
0
0
0
0
1
0
0
0
0
0
1
0
0
0
0
0
0
0
0
0
1
0
0
0
0
0
0
0
0
0
0
0
0
0
0
2
0
0
0
0
0
0
0
0
1
0
1
0
0
0
0
0
1
0
0
0
0
0
0
1
0
0
0
0
0
0
0
0
1
0
0
1
0
0
1
0
0
0
0
0
0
0
0
0
1
0
1
0
0
0
1
0
0
1
1
0
0
1
0
0
0
0
0
1
0
0
0
0
0
0
0
0
0
0
0
0
0
1
0
0
1
0
2
0
0
1
0
1
1
0
0
0
0
0
0
0
0
0
1
1
0
0
0
0
0
0
0
0
1
2
0
1
0
0
0
0
0
0
0
0
0
0
0
0
1
0
0
2
1
0
0
0
0
0
1
1
0
0
0
1
1
0
0
1
0
0
0
0
1
0
0
0
0
0
1
1
1
0
0
0
0
0
0
0
1
0
0
0
1
0
0
0
0
0
0
0
0
0
0
0
1
0
0
0
0
0
0
0
1
0
0
1
0
0
1
0
0
0
0
0
1
0
0
1
0
0
0
0
2
1
0
0
0
0
0
0
0
0
0
0
0
0
0
0
0
1
0
0
1
0
0
0
0
0
1
1
0
2
0
0
0
1
0
0
0
1
1
0
0
0
0
0
0
1
0
1
0
0
0
0
1
0
0
0
1
0
0
0
0
0
1
0
0
0
0
0
0
1
0
0
0
0
0
0
0
1
0
0
1
0
0
0
0
0
1
0
0
1
0
0
0
0
0
0
1
0
0
1
0
0
0
3
1
0
0
0
1
0
0
0
0
0
0
0
1
0
1
0
0
1
0
0
0
1
0
0
1
1
0
0
0
0
0
0
0
1
0
0
1
0
0
1
0
1
1
0
1
0
0
0
0
0
1
0
0
0
0
0
0
0
0
0
0
0
0
0
0
0
0
0
0
1
2
1
0
0
0
1
1
2
0
0
0
0
0
0
0
0
0
0
1
0
1
0
0
0
1
0
0
1
0
1
0
1
1
1
0
1
0
1
0
0
0
0
0
0
0
1
0
0
0
0
0
0
0
0
0
0
0
0
0
0
0
0
0
0
0
1
0
0
0
0
0
0
0
1
0
0
2
1
0
0
0
0
2
1
0
1
1
0
0
1
0
1
1
0
0
0
0
0
0
0
0
1
0
0
0
0
0
0
0
0
0
0
0
0
1
0
0
0
0
0
0
0
1
0
0
0
0
0
0
0
0
0
0
0
0
0
0
0
1
0
0
0
0
0
1
1
3
0
0
0
0
0
0
1
0
1
0
0
1
0
0
0
0
0
0
0
1
0
0
1
0
1
0
0
0
0
1
0
1
0
0
0
1
0
0
0
0
0
0
0
0
0
1
0
0
0
0
0
0
1
1
0
1
0
0
0
0
0
0
1
0
0
0
1
0
0
0
0
0
0
0
1
0
0
0
0
0
0
0
0
0
0
2
0
1
0
0
1
0
1
0
0
0
0
0
0
0
1
0
0
0
0
0
1
0
1
0
0
0
0
1
1
0
0
0
0
0
0
0
0
0
0
1
1
0
0
0
0
0
0
0
0
1
0
0
0
0
0
0
2
1
1
1
0
0
0
1
0
0
0
0
0
0
0
0
2
0
0
0
1
0
0
0
0
0
1
0
0
0
0
0
2
0
1
0
0
0
1
0
1
0
0
0
1
0
0
1
0
0
0
1
0
0
0
0
0
0
0
0
0
0
0
0
0
1
0
0
0
0
0
0
1
1
0
1
0
0
0
0
1
0
0
0
0
0
0
0
0
0
0
0
1
0
0
0
0
0
1
0
1
0
0
0
0
0
0
2
0
0
0
1
0
2
0
0
0
0
0
0
1
0
0
0
0
0
0
0
2
0
0
0
1
0
0
0
0
1
0
0
0
0
0
1
1
0
0
0
0
0
0
0
0
0
0
0
0
0
0
1
0
1
0
1
0
1
0
1
0
0
0
0
0
0
0
0
2
0
0
0
0
0
0
0
1
0
0
0
0
0
0
0
1
0
1
0
0
0
0
0
0
0
0
0
0
0
0
0
0
0
0
0
1
0
1
1
0
0
0
0
0
0
0
1
0
0
0
0
0
0
0
0
0
0
1
0
0
0
0
0
1
0
0
1
0
0
0
1
0
1
0
0
0
0
1
0
1
0
0
0
0
0
0
0
1
0
0
1
0
0
0
0
0
0
0
2
0
1
0
0
0
0
0
0
0
1
0
0
0
0
0
0
0
0
0
0
0
0
0
0
0
0
0
0
0
0
0
0
1
0
0
0
0
0
0
0
0
0
0
0
0
1
0
0
0
0
0
0
0
1
1
0
0
1
1
0
0
0
1
0
1
1
1
0
1
0
1
0
0
0
0
1
0
0
0
0
0
1
1
0
1
0
0
0
0
1
0
0
0
0
1
0
1
0
1
0
1
0
0
0
0
1
1
2
1
0
0
0
0
0
0
1
1
0
0
1
1
0
1
1
0
1
0
0
0
0
0
0
1
0
1
0
1
0
2
0
0
0
1
0
0
0
0
0
0
0
0
0
0
1
0
0
0
1
0
0
0
0
1
0
0
0
0
0
0
0
1
0
0
2
0
0
0
0
1
0
1
0
0
1
0
1
0
0
0
0
0
1
0
0
0
0
0
0
0
0
0
0
0
0
0
0
1
0
0
0
0
0
0
0
1
0
0
0
1
2
0
0
0
0
0
0
0
0
0
0
0
0
0
0
0
0
0
3
0
1
0
0
0
0
0
0
0
0
3
0
0
0
0
1
0
0
0
2
0
0
0
1
0
0
0
0
1
0
1
0
0
0
0
0
0
0
0
0
0
0
0
0
0
0
0
1
0
0
0
1
0
1
0
0
1
0
0
0
0
0
1
0
0
1
0
1
0
0
0
0
0
1
0
0
0
1
0
0
0
0
0
0
0
1
0
1
1
1
0
0
0
0
0
0
1
0
0
0
0
1
0
0
1
0
0
0
0
0
1
0
0
0
0
0
1
0
1
0
0
0
0
0
1
0
0
0
0
0
0
0
0
2
0
0
1
0
0
0
0
0
0
0
0
1
0
0
0
1
0
0
0
0
0
0
0
1
0
2
0
0
0
0
0
0
0
0
1
1
0
0
0
0
0
0
0
0
0
0
0
0
1
0
0
0
1
0
0
0
0
0
0
0
1
0
0
0
0
1
0
1
0
1
0
0
0
1
0
0
0
0
0
0
0
1
0
0
0
0
1
1
0
2
0
0
0
0
0
1
0
0
0
0
0
0
0
0
0
1
0
0
0
1
0
0
0
0
0
0
0
1
0
0
0
0
1
0
0
0
0
1
0
1
1
0
0
0
0
2
0
0
0
1
0
0
0
0
0
0
0
1
0
0
0
0
0
2
0
0
0
0
0
0
1
0
0
0
1
0
0
1
0
1
0
0
1
0
0
0
0
0
0
0
1
0
1
0
0
0
0
0
1
0
0
0
0
0
0
0
3
0
0
0
2
0
2
0
0
0
0
0
0
2
1
0
0
0
2
1
0
0
0
0
0
1
0
2
1
0
0
0
0
0
0
0
1
0
1
0
1
0
0
1
0
0
0
0
1
0
1
1
1
0
1
0
0
0
3
1
0
0
0
0
1
1
0
1
1
0
0
0
1
0
0
0
0
0
2
0
0
0
0
0
0
0
1
1
0
0
0
0
0
0
0
0
1
1
0
1
0
1
0
0
0
0
0
1
0
0
0
0
0
0
1
0
0
0
1
0
0
1
2
0
1
0
1
0
0
0
1
0
0
0
1
0
0
0
0
1
1
0
1
0
1
0
1
1
0
0
0
0
0
0
0
0
0
0
2
0
0
0
1
0
0
0
0
0
0
1
0
2
0
0
0
0
0
0
0
0
0
0
1
0
0
0
0
1
0
0
0
1
0
0
2
0
0
0
1
0
1
0
0
0
0
1
0
1
1
1
1
0
1
0
0
0
0
0
0
1
0
1
0
0
2
0
1
0
0
0
0
1
0
2
0
0
0
0
0
0
0
1
0
1
0
0
1
0
0
1
0
0
0
2
0
2
0
0
1
1
1
0
0
0
2
0
0
0
0
0
1
2
0
0
1
0
0
0
0
0
0
2
1
0
0
0
0
0
0
1
0
1
1
0
1
1
0
1
0
1
1
1
0
0
0
0
0
1
0
1
1
1
0
1
0
0
1
1
0
0
0
0
0
0
0
0
0
1
1
0
2
0
0
1
0
0
1
1
0
2
0
1
0
0
0
0
0
0
0
0
0
0
0
0
0
1
2
1
3
0
0
0
1
1
1
0
1
1
0
0
0
0
3
1
0
0
2
1
2
0
1
1
1
0
0
0
0
0
1
1
1
1
0
2
0
0
1
3
1
1
1
0
0
2
3
1
0
1
0
2
1
1
1
0
0
0
1
0
1
0
0
1
0
0
0
1
0
2
0
0
0
0
2
1
0
0
0
1
0
1
0
0
0
2
0
1
2
0
1
0
1
2
1
1
2
1
1
1
0
0
3
0
1
1
1
1
0
0
1
0
2
0
1
0
2
0
0
1
1
0
1
0
1
1
1
0
3
0
0
0
0
1
2
1
0
0
0
1
1
0
0
0
0
1
0
0
0
0
0
0
0
1
1
0
1
0
0
0
2
0
0
1
1
0
2
0
0
0
1
0
2
0
1
1
0
1
1
0
1
0
0
0
2
0
1
1
0
0
1
0
1
1
0
1
1
0
1
2
0
1
0
0
1
0
0
0
1
1
2
0
1
0
0
0
0
1
0
0
0
1
0
1
0
0
1
1
0
1
1
2
0
1
1
1
2
0
0
0
1
3
0
1
1
1
0
1
0
0
1
2
0
0
0
1
0
1
0
0
0
0
3
1
0
0
1
1
1
1
1
1
0
2
4
0
1
0
0
0
0
0
0
0
1
0
2
0
0
1
1
0
1
1
0
0
1
0
0
1
1
0
0
2
0
1
0
1
0
0
2
1
3
1
3
0
0
0
0
0
0
0
1
1
0
0
1
1
0
1
0
1
0
1
0
0
2
0
0
0
4
1
0
0
0
1
2
0
0
0
2
1
1
1
0
0
0
0
0
0
1
1
1
1
1
1
0
2
0
2
1
0
0
0
0
1
1
1
2
0
1
1
1
0
1
1
2
1
0
1
0
0
0
2
0
0
2
2
0
2
0
1
1
0
2
0
0
1
1
0
1
0
0
3
0
0
0
0
1
0
1
2
0
0
0
1
0
0
2
1
0
1
0
0
1
0
0
2
0
1
2
2
1
0
0
0
1
0
2
0
0
0
0
2
0
0
0
0
0
0
0
1
0
2
0
0
0
1
1
0
2
0
2
0
0
0
1
2
0
2
1
2
1
2
2
0
1
2
5
0
1
0
0
1
0
1
1
1
1
0
1
1
0
1
0
1
1
0
0
0
0
4
0
0
0
0
2
0
0
1
0
0
0
0
0
2
1
2
1
0
1
0
0
0
0
2
0
2
0
0
0
0
0
2
1
1
1
1
1
0
0
0
0
0
0
0
0
1
1
0
0
0
1
2
0
0
1
1
0
1
0
0
1
1
0
1
0
2
0
2
1
1
0
3
0
0
1
1
0
0
1
0
2
0
0
0
2
1
1
0
1
2
0
2
3
1
1
0
0
1
1
2
0
0
1
0
0
0
1
0
2
2
0
0
0
0
1
0
0
1
1
0
2
0
0
0
1
0
1
0
0
0
0
1
0
0
2
1
0
0
1
1
1
0
1
1
1
1
0
0
2
0
1
1
0
1
1
1
0
1
1
0
0
0
1
1
1
0
1
0
0
1
0
2
1
0
0
0
0
0
0
2
1
0
0
0
1
0
1
0
0
0
0
0
1
0
1
0
0
2
0
0
2
1
0
0
0
0
1
0
0
1
1
1
0
2
1
3
0
2
0
1
2
0
0
1
2
0
1
2
1
0
2
0
0
0
0
1
0
0
0
1
0
1
1
0
0
2
0
1
0
1
1
0
2
0
0
1
0
0
0
0
1
0
0
0
1
1
2
0
0
2
1
0
1
0
0
2
0
2
0
0
0
1
1
2
2
0
1
1
0
1
1
0
0
0
0
0
0
1
0
2
0
0
1
0
0
1
1
1
0
0
0
4
1
0
2
0
1
0
2
0
1
1
1
0
1
1
0
0
0
0
0
0
0
0
1
1
1
0
2
3
0
0
1
1
1
1
3
0
2
0
0
0
0
0
0
1
0
1
2
0
0
1
1
1
0
3
2
0
0
0
0
0
0
0
0
1
0
0
0
0
3
0
1
0
0
2
2
1
0
0
0
1
1
1
2
0
0
0
0
2
0
0
2
0
1
1
0
3
1
0
0
1
0
4
2
0
1
2
1
0
2
1
1
0
0
0
1
1
2
1
0
2
0
1
0
0
0
0
1
2
1
0
2
0
1
0
1
2
0
1
0
2
1
0
0
1
0
0
0
2
1
0
0
0
1
1
0
0
1
1
3
3
0
0
1
0
1
0
0
1
0
0
1
1
0
0
1
1
1
0
2
0
0
1
1
0
0
2
0
2
0
1
1
0
3
2
0
1
2
3
0
1
1
1
3
1
2
0
0
2
1
0
1
0
1
1
1
0
0
5
0
1
0
0
1
0
6
0
1
2
0
1
1
0
2
1
1
1
0
1
0
1
1
1
2
0
1
0
1
1
2
2
1
0
1
1
0
1
3
1
1
0
2
1
0
1
0
0
0
1
1
0
4
2
2
2
1
0
1
1
1
2
0
2
1
0
0
1
1
1
1
1
1
0
1
0
1
0
0
0
0
2
0
1
1
0
0
1
0
2
1
1
1
0
0
0
1
2
1
1
0
0
1
0
1
1
0
0
0
1
0
1
0
0
0
0
0
1
3
0
2
4
1
0
0
2
1
1
3
0
1
1
0
2
2
0
2
0
1
0
1
0
1
0
1
0
2
1
0
1
1
0
1
0
1
2
1
0
2
1
0
3
0
0
0
0
1
1
0
0
0
0
0
0
1
1
1
1
0
1
0
1
1
1
2
1
1
1
1
0
1
1
2
2
1
0
1
0
0
0
0
0
1
0
0
0
2
0
0
1
0
3
1
0
0
1
0
0
0
1
2
0
2
1
0
1
1
1
1
1
1
2
1
2
1
1
0
0
0
0
0
1
1
1
0
3
2
1
1
1
0
0
0
1
1
1
2
1
0
1
2
5
3
0
0
0
2
1
1
1
0
2
2
0
0
2
2
1
0
1
2
0
0
0
2
1
2
0
1
2
1
1
1
1
1
3
0
0
0
2
1
2
1
0
2
1
3
0
1
0
0
1
0
0
1
2
2
1
1
1
2
0
0
3
0
0
0
2
0
2
1
2
1
1
1
0
0
1
0
1
0
2
0
0
1
0
2
3
0
2
0
3
2
1
0
1
6
1
2
1
1
0
0
0
2
1
1
3
2
0
1
2
2
0
1
0
0
0
1
2
0
0
2
0
1
0
2
1
1
0
1
1
1
0
2
0
0
1
2
0
1
1
1
0
1
1
0
1
1
0
2
2
1
0
4
1
1
3
0
1
0
2
3
1
0
0
0
0
3
1
1
1
2
0
1
1
0
0
0
0
0
1
1
0
1
1
3
0
1
0
3
1
1
0
1
1
2
1
1
0
1
1
1
0
0
0
0
2
2
1
2
1
1
1
0
1
0
1
1
0
0
2
0
2
2
2
1
2
1
2
0
2
2
0
1
0
0
0
4
3
3
1
2
2
0
1
2
1
2
0
1
0
1
1
2
1
0
3
0
1
1
2
5
1
0
2
1
2
2
0
2
3
0
3
2
0
0
1
1
0
0
2
1
0
0
1
1
1
2
2
3
1
1
0
2
2
2
3
2
1
2
0
0
1
2
2
1
1
1
1
2
0
0
2
3
1
0
0
1
1
2
1
0
1
4
1
1
1
0
2
0
1
1
1
0
0
2
0
1
0
1
1
0
0
0
2
0
1
3
0
2
1
1
3
0
1
0
1
1
2
3
0
0
1
3
0
0
3
1
3
1
3
2
1
0
4
0
0
4
0
0
1
0
0
5
1
2
1
0
0
1
1
2
2
1
1
2
1
0
3
1
0
1
2
3
1
1
1
2
1
0
3
2
1
0
0
1
2
0
0
0
1
1
1
0
1
0
1
1
1
3
1
3
0
2
0
1
1
3
1
2
1
2
2
1
2
0
0
0
2
0
2
4
1
1
1
1
1
1
0
0
2
0
3
2
0
1
1
1
2
0
0
3
2
1
0
0
0
0
1
3
0
4
0
3
2
0
1
4
0
1
2
0
3
0
1
1
0
0
2
0
2
0
2
0
2
1
0
1
3
3
1
2
1
0
1
0
0
0
3
0
1
1
0
1
2
0
1
0
4
2
2
1
1
1
0
1
0
1
0
1
2
2
1
1
2
1
3
0
1
3
0
1
0
1
2
1
2
1
1
2
1
1
0
1
1
3
0
2
1
2
3
5
2
1
3
1
1
2
4
2
0
0
1
1
2
0
1
0
0
1
1
1
0
0
2
1
1
6
4
0
1
0
2
0
1
0
1
0
0
1
1
0
0
2
0
1
2
0
0
0
1
2
2
1
1
2
0
1
1
3
2
1
1
1
0
1
2
1
0
3
0
0
0
1
1
4
0
2
0
2
2
0
4
1
0
1
1
3
0
2
2
0
1
2
2
1
0
1
2
1
0
0
1
3
1
3
1
2
0
0
1
2
2
0
1
3
2
0
1
4
3
1
1
2
1
0
2
0
2
2
0
2
3
1
1
2
2
0
0
2
1
2
0
1
0
2
0
2
2
0
0
2
0
1
3
0
1
1
2
1
2
0
3
1
3
1
2
1
1
0
1
1
3
1
2
0
0
0
0
0
0
0
2
0
2
1
4
1
0
5
1
1
2
1
2
0
1
3
3
3
0
1
0
0
0
0
2
1
1
1
0
1
3
1
3
2
1
2
1
1
1
1
2
1
1
1
0
0
2
2
1
1
1
2
1
0
2
2
1
1
3
1
0
2
0
1
2
0
1
1
2
1
1
1
2
0
2
1
0
1
0
1
1
5
3
1
2
1
3
2
2
1
0
0
2
0
1
2
1
2
0
1
0
1
0
0
0
1
1
0
0
2
0
1
2
3
0
3
1
2
2
2
2
0
2
3
1
1
0
1
0
1
1
1
1
0
1
0
1
1
0
1
1
0
2
3
1
4
1
0
1
1
1
1
1
3
3
1
0
2
1
3
2
5
1
1
2
3
1
4
0
1
2
1
1
4
0
2
4
1
0
1
4
2
2
1
0
1
0
0
2
0
1
0
2
3
0
1
1
1
0
2
2
0
1
1
1
4
0
1
3
0
4
1
0
0
0
2
0
0
2
2
3
0
0
0
2
1
4
2
1
2
3
0
1
2
2
2
0
0
1
1
3
2
0
2
1
1
0
1
0
0
1
0
1
2
0
2
1
4
0
1
1
2
2
2
1
4
1
0
2
0
1
0
0
0
1
1
1
0
2
0
1
3
2
1
1
0
1
0
1
1
0
1
0
1
0
0
4
1
2
0
0
3
1
2
0
3
3
0
3
1
1
1
1
1
0
2
1
1
4
1
2
0
0
2
0
1
0
1
1
0
0
1
0
1
1
1
2
0
1
0
1
0
1
0
3
0
2
1
0
2
3
2
2
2
1
5
0
2
0
1
0
2
0
1
1
0
3
2
1
0
0
2
2
1
1
1
0
2
1
0
0
1
2
2
1
1
0
0
0
2
0
1
0
0
1
1
3
1
1
4
1
0
0
1
1
0
1
2
5
3
0
0
2
0
1
1
1
0
1
3
1
0
2
3
1
2
1
1
2
2
1
0
1
0
0
0
1
1
2
1
0
2
1
0
1
1
1
0
1
0
2
2
3
0
1
1
1
2
1
1
1
2
3
0
1
1
2
0
1
4
1
0
0
1
0
0
0
1
1
1
3
2
1
5
3
3
2
2
2
2
2
1
1
1
1
1
4
0
1
0
1
0
2
0
2
1
2
2
0
3
0
0
0
0
0
4
2
2
2
1
0
1
0
0
0
0
2
2
1
1
2
1
3
0
2
0
1
1
1
1
1
0
3
0
1
0
3
0
1
0
0
0
1
1
3
0
1
1
0
2
1
0
1
1
2
0
1
0
1
0
1
2
2
1
2
3
1
1
2
0
0
2
2
0
1
2
1
0
1
0
0
0
2
1
0
0
0
0
2
0
4
2
1
1
1
2
0
1
1
2
0
0
1
0
1
0
0
1
1
1
1
0
4
2
1
0
1
1
2
0
1
0
0
0
0
1
1
0
0
1
0
0
1
1
1
2
2
2
3
0
2
1
2
1
2
0
2
2
0
1
0
0
1
1
0
0
0
1
1
0
2
0
1
0
1
0
0
1
0
1
1
1
1
0
1
1
1
1
2
1
1
1
0
2
0
0
0
1
1
4
2
2
0
1
1
0
1
1
1
2
1
1
0
1
1
2
1
0
0
0
0
2
1
0
1
3
0
0
1
2
0
2
2
0
2
5
3
0
2
0
2
1
1
1
1
1
1
0
0
2
0
0
1
0
1
1
2
4
1
1
2
2
1
0
1
1
0
0
0
2
4
0
0
2
1
4
0
0
0
3
1
0
1
1
1
1
2
1
0
3
3
0
1
1
1
2
2
0
1
1
3
0
2
3
1
0
1
1
3
1
2
0
1
0
1
1
1
1
0
0
0
0
0
2
0
1
0
0
1
1
2
0
1
1
0
3
1
1
4
2
0
3
0
1
2
2
1
0
0
1
1
0
1
3
0
1
0
2
1
0
0
1
1
1
0
1
1
0
0
0
1
3
2
2
2
1
0
0
1
1
1
0
0
1
1
1
0
1
1
0
0
1
1
2
1
2
0
1
3
0
1
2
1
2
0
0
1
2
1
2
2
1
0
0
1
0
0
0
1
0
1
1
1
1
0
1
0
0
2
0
1
1
1
0
2
1
1
2
0
1
0
2
2
0
0
0
1
1
0
0
2
1
0
1
1
0
0
1
0
0
0
0
0
0
1
2
1
0
0
1
0
0
1
1
0
1
0
0
0
0
2
1
1
1
1
1
0
1
0
0
0
0
0
0
1
0
0
0
2
0
2
1
2
1
1
0
1
1
0
0
1
0
2
1
0
1
1
0
1
1
1
0
2
2
2
2
1
2
1
0
1
2
1
1
1
0
3
2
3
1
0
0
0
0
0
2
2
0
1
1
0
0
0
0
0
1
0
0
1
0
0
1
1
0
1
2
1
0
0
2
3
0
0
0
0
1
1
1
4
3
1
1
1
1
2
0
3
1
1
0
1
0
1
0
1
2
0
1
3
1
1
2
1
2
1
1
2
3
2
1
1
1
3
2
1
0
0
4
0
1
2
2
0
0
0
4
1
0
3
4
1
2
1
1
0
1
0
1
0
1
2
1
5
3
0
3
2
3
2
1
1
1
0
2
1
3
0
2
1
2
0
0
0
2
1
1
3
4
3
3
0
2
3
4
5
5
9
5
5
5
2
0
4
4
2
0
0
4
1
2
1
0
0
0
1
0
0
0
0
0
0
0
0
0
1
1
0
1
0
0
0
0
0
0
0
0
0
0
0
0
0
0
0
0
0
0
0
0
0
0
0
0
0
0
0
0
0
0
0
0
0
0
0
0
0
0
0
0
0
0
0
0
0
0
0
0
0
0
0
0
0
0
0
0
0
0
0
0
0
0
0
0
0
0
0
0
0
0
0
0
0
0
0
0
0
0
0
0
0
0
0
0
0
0
0
0
0
0
0
0
0
0
0
0
0
0
0
0
0
0
0
0
0
0
0
0
0
0
0
0
0
0
0
0
0
0
0
0
0
0
0
0
0
0
0
0
0
0
0
0
0
0
0
0
0
0
0
0
0
0
0
0
0
0
0
0
0
0
0
0
0
0
0
0
0
0
0
0
0
0
0
0
0
0
0
0
0
0
0
0
0
0
0
0
0
0
0
0
0
0
0
0
0
0
0
0
0
0
0
0
0
0
0
0
0
0
0
0
0
0
0
0
0
0
0
0
0
0
0
0
0
0
0
0
0
0
0
0
0
0
0
0
0
0
0
0
0
0
0
0
0
0
0
0
0
0
0
0
0
0
0
0
0
0
0
0
0
0
0
0
0
0
0
0
0
0
0
0
0
0
0
0
0
0
0
0
0
0
0
0
0
0
0
0
0
0
0
0
0
0
0
0
0
0
0
0
0
0
0
0
0
0
0
0
0
0
0
0
0
0
0
0
0
0
0
0
0
0
0
0
0
0
0
0
0
0
0
0
0
0
0
0
0
0
0
0
0
0
0
0
0
0
0
0
0
0
0
0
0
0
0
0
0
0
0
0
0
0
0
0
0
0
0
0
0
0
0
0
0
0
0
0
0
0
0
0
0
0
0
0
0
0
0
0
0
0
0
0
0
0
0
0
0
0
0
0
0
0
0
0
0
0
0
0
0
0
0
0
0
0
0
0
0
0
0
0
0
0
0
0
0
0
0
0
0
0
0
0
0
0
0
0
0
0
0
0
0
0
0
0
0
0
0
0
0
0
0
0
0
0
0
0
0
0
0
0
0
0
0
0
0
0
0
0
0
0
0
0
0
0
0
0
0
0
0
0
0
0
0
0
0
0
0
0
0
0
0
0
0
0
0
0
0
0
0
0
0
0
0
0
0
0
0
0
0
0
0
0
0
0
0
0
0
0
0
0
0
0
0
0
0
0
0
0
0
0
0
0
0
0
0
0
0
0
0
0
0
0
0
0
0
0
0
0
0
0
0
0
0
0
0
0
0
0
0
0
0
0
0
0
0
0
0
0
0
0
0
0
0
0
0
0
0
0
0
0
0
0
0
0
0
0
0
0
0
0
0
0
0
0
0
0
0
0
0
0
0
0
0
0
0
0
0
0
0
0
0
0
0
0
0
0
0
0
0
0
0
0
0
0
0
0
0
0
0
0
0
0
0
0
0
0
0
0
0
0
0
0
0
0
0
0
0
0
0
0
0
0
0
0
0
0
0
0
0
0
0
0
0
0
0
0
0
0
0
0
0
0
0
0
0
0
0
0
0
0
0
0
0
0
0
0
0
0
0
0
0
0
0
0
0
0
0
0
0
0
0
0
0
0
0
0
0
0
0
0
0
0
0
0
0
0
0
0
0
0
0
0
0
0
0
0
0
0
0
0
0
0
0
0
0
0
0
0
0
0
0
0
0
0
0
0
0
0
0
0
0
0
0
0
0
0
0
0
0
0
0
0
0
0
0
0
0
0
0
0
0
0
0
0
0
0
0
0
0
0
0
0
0
0
0
0
0
0
0
0
0
0
0
0
0
0
0
0
0
0
0
0
0
0
0
0
0
0
0
0
0
0
0
0
0
0
0
0
0
0
0
0
0
0
0
0
0
0
0
0
0
0
0
0
0
0
0
0
0
0
0
0
0
0
0
0
0
0
0
0
0
0
0
0
0
0
0
0
0
0
0
0
0
0
0
0
0
0
0
0
0
0
0
0
0
0
0
0
0
0
0
0
0
0
0
0
0
0
0
0
0
0
0
0
0
0
0
0
0
0
0
0
0
0
0
0
0
0
0
0
0
0
0
0
0
0
0
0
0
0
0
0
0
0
0
0
0
0
0
0
0
0
0
0
0
0
0
0
0
0
0
0
0
0
0
0
0
0
0
0
0
0
0
0
0
0
0
0
0
0
0
0
0
0
0
0
0
0
0
0
0
0
0
0
0
0
0
0
0
0
0
0
0
0
0
0
0
0
0
0
0
0
0
0
0
0
0
0
0
0
0
0
0
0
0
0
0
0
0
0
0
0
0
0
0
0
0
0
0
0
0
0
0
0
0
0
0
0
0
0
0
0
0
0
0
0
0
0
0
0
0
0
0
0
0
0
0
0
0
0
0
0
0
0
0
0
0
0
0
0
0
0
0
0
0
0
0
0
0
0
0
0
0
0
0
0
0
0
0
0
0
0
0
0
0
0
0
0
0
0
0
0
0
0
0
0
0
0
0
0
0
0
0
0
0
0
0
0
0
0
0
0
0
0
0
0
0
0
0
0
0
0
0
0
0
0
0
0
0
0
0
0
0
0
0
0
0
0
0
0
0
0
0
0
0
0
0
0
0
0
0
0
0
0
0
0
0
0
0
0
0
0
0
0
0
0
0
0
0
0
0
0
0
0
0
0
0
0
0
0
0
0
0
0
0
0
0
0
0
0
0
0
0
0
0
0
0
0
0
0
0
0
0
0
0
0
0
0
0
0
0
0
0
0
0
0
0
0
0
0
0
0
0
0
0
0
0
0
0
0
0
0
0
0
0
0
0
0
0
0
0
0
0
0
0
0
0
0
0
0
0
0
0
0
0
0
0
0
0
0
0
0
0
0
0
0
0
0
0
0
0
0
0
0
0
0
0
0
0
0
0
0
0
0
0
0
0
0
0
0
0
0
0
0
0
0
0
0
0
0
0
0
0
0
0
0
0
0
0
0
0
0
0
0
0
0
0
0
0
0
0
0
0
0
0
0
0
0
0
0
0
0
0
0
0
0
0
0
0
0
0
0
0
0
0
0
0
0
0
0
0
0
0
0
0
0
0
0
0
0
0
0
0
0
0
0
0
0
0
0
0
0
0
0
0
0
0
0
0
0
0
0
0
0
0
0
0
0
0
0
0
0
0
0
0
0
0
0
0
0
0
0
0
0
0
0
0
0
0
0
0
0
0
0
0
0
0
0
0
0
0
0
0
0
0
0
0
0
0
0
0
0
0
0
0
0
0
0
0
0
0
0
0
0
0
0
0
0
0
0
0
0
0
0
0
0
0
0
0
0
0
0
0
0
0
0
0
0
0
0
0
0
0
0
0
0
0
0
0
0
0
0
0
0
0
0
0
0
0
0
0
0
0
0
0
0
0
0
0
0
0
0
0
0
0
0
0
0
0
0
0
0
0
0
0
0
0
0
0
0
0
0
0
0
0
0
0
0
0
0
0
0
0
0
0
0
0
0
0
0
0
0
0
0
0
0
0
0
0
0
0
0
0
0
0
0
0
0
0
0
0
0
0
0
0
0
0
0
0
0
0
0
0
0
0
0
0
0
0
0
0
0
0
0
0
0
0
0
0
0
0
0
0
0
0
0
0
0
0
0
0
0
0
0
0
0
0
0
0
0
0
0
0
0
0
0
0
0
0
0
0
0
0
0
0
0
0
0
0
0
0
0
0
0
0
0
0
0
0
0
0
0
0
0
0
0
0
0
0
0
0
0
0
0
0
0
0
0
0
0
0
0
0
0
0
0
0
0
0
0
0
0
0
0
0
0
0
0
0
0
0
0
0
0
0
0
0
0
0
0
0
0
0
0
0
0
0
0
0
0
0
0
0
0
0
0
0
0
0
0
0
0
0
0
0
0
0
0
0
0
0
0
0
0
0
0
0
0
0
0
0
0
0
0
0
0
0
0
0
0
0
0
0
0
0
0
0
0
0
0
0
0
0
0
0
0
0
0
0
0
0
0
0
0
0
0
0
0
0
0
0
0
0
0
0
0
0
0
0
0
0
0
0
0
0
0
0
0
0
0
0
0
0
0
0
0
0
0
0
0
0
0
0
0
0
0
0
0
0
0
0
0
0
0
0
0
0
0
0
0
0
0
0
0
0
0
0
0
0
0
0
0
0
0
0
0
0
0
0
0
0
0
0
0
0
0
0
0
0
0
0
0
0
0
0
0
0
0
0
0
0
0
0
0
0
0
0
0
0
0
0
0
0
0
0
0
0
0
0
0
0
0
0
0
0
0
0
0
0
0
0
0
0
0
0
0
0
0
0
0
0
0
0
0
0
0
0
0
0
0
0
0
0
0
0
0
0
0
0
0
0
0
0
0
0
0
0
0
0
0
0
0
0
0
0
0
0
0
0
0
0
0
0
0
0
0
0
0
0
0
0
0
0
0
0
0
0
0
0
0
0
0
0
0
0
0
0
0
0
0
0
0
0
0
0
0
0
0
0
0
0
0
0
0
0
0
0
0
0
0
0
0
0
0
0
0
0
0
0
0
0
0
0
0
0
0
0
0
0
0
0
0
0
0
0
0
0
0
0
0
0
0
0
0
0
0
0
0
0
0
0
0
0
0
0
0
0
0
0
0
0
0
0
0
0
0
0
0
0
0
0
0
0
0
0
0
0
0
0
0
0
0
0
0
0
0
0
0
0
0
0
0
0
0
0
0
0
0
0
0
0
0
0
0
0
0
0
0
0
0
0
0
0
0
0
0
0
0
0
0
0
0
0
0
0
0
0
0
0
0
0
0
0
0
0
0
0
0
0
0
0
0
0
0
0
0
0
0
0
0
0
0
0
0
0
0
0
0
0
0
0
0
0
0
0
0
0
0
0
0
0
0
0
0
0
0
0
0
0
0
0
0
0
0
0
0
0
0
0
0
0
0
0
0
0
0
0
0
0
0
0
0
0
0
0
0
0
0
0
0
0
0
0
0
0
0
0
0
0
0
0
0
0
0
0
0
0
0
0
0
0
0
0
0
0
0
0
0
0
0
0
0
0
0
0
0
0
0
0
0
0
0
0
0
0
0
0
0
0
0
0
0
0
0
0
0
0
0
0
0
0
0
0
0
0
0
0
0
0
0
0
0
0
0
0
0
0
0
0
0
0
0
0
0
0
0
0
0
0
0
0
0
0
0
0
0
0
0
0
0
0
0
0
0
0
0
0
0
0
0
0
0
0
0
0
0
0
0
0
0
0
0
0
0
0
0
0
0
0
0
0
0
0
0
0
0
0
0
0
0
0
0
0
0
0
0
0
0
0
0
0
0
0
0
0
0
0
0
0
0
0
0
0
0
0
0
0
0
0
0
0
0
0
0
0
0
0
0
0
0
0
0
0
0
0
0
0
0
0
0
0
0
0
0
0
0
0
0
0
0
0
0
0
0
0
0
0
0
0
0
0
0
0
0
0
0
0
0
0
0
0
0
0
0
0
0
0
0
0
0
0
0
0
0
0
0
0
0
0
0
0
0
0
0
0
0
0
0
0
0
0
0
0
0
0
0
0
0
0
0
0
0
0
0
0
0
0
0
0
0
0
0
0
0
0
0
0
0
0
0
0
0
0
0
0
0
0
0
0
0
0
0
0
0
0
0
0
0
0
0
0
0
0
0
0
0
0
0
0
0
0
0
0
0
0
0
0
0
0
0
0
0
0
0
0
0
0
0
0
0
0
0
0
0
0
0
0
0
0
0
0
0
0
0
0
0
0
0
0
0
0
0
0
0
0
0
0
0
0
0
0
0
0
0
0
0
0
0
0
0
0
0
0
0
0
0
0
0
0
0
0
0
0
0
0
0
0
0
0
0
0
0
0
0
0
0
0
0
0
0
0
0
0
0
0
0
0
0
0
0
0
0
0
0
0
0
0
0
0
0
0
0
0
0
0
0
0
0
0
0
0
0
0
0
0
0
0
0
0
0
0
0
0
0
0
0
0
0
0
0
0
0
0
0
0
0
0
0
0
0
0
0
0
0
0
0
0
0
0
0
0
0
0
0
0
0
0
0
0
0
0
0
0
0
0
0
0
0
0
0
0
0
0
0
0
0
0
0
0
0
0
0
0
0
0
0
0
0
0
0
0
0
0
0
0
0
0
0
0
0
0
0
0
0
0
0
0
0
0
0
0
0
0
0
0
0
0
0
0
0
0
0
0
0
0
0
0
0
0
0
0
0
0
0
0
0
0
0
0
0
0
0
0
0
0
0
0
0
0
0
0
0
0
0
0
0
0
0
0
0
0
0
0
0
0
0
0
0
0
0
0
0
0
0
0
0
0
0
0
0
0
0
0
0
0
0
0
0
0
0
0
0
0
0
0
0
0
0
0
0
0
0
0
0
0
0
0
0
0
0
0
0
0
0
0
0
0
0
0
0
0
0
0
0
0
0
0
0
0
0
0
0
0
0
0
0
0
0
0
0
0
0
0
0
0
0
0
0
0
0
0
0
0
0
0
0
0
0
0
0
0
0
0
0
0
0
0
0
0
0
0
0
0
0
0
0
0
0
0
0
0
0
0
0
0
0
0
0
0
0
0
0
0
0
0
0
0
0
0
0
0
0
0
0
0
0
0
0
0
0
0
0
0
0
0
0
0
0
0
0
0
0
0
0
0
0
0
0
0
0
0
0
0
0
0
0
0
0
0
0
0
0
0
0
0
0
0
0
0
0
0
0
0
0
0
0
0
0
0
0
0
0
0
0
0
0
0
0
0
0
0
0
0
0
0
0
0
0
0
0
0
0
0
0
0
0
0
0
0
0
0
0
0
0
0
0
0
0
0
0
0
0
0
0
0
0
0
0
0
0
0
0
0
0
0
0
0
0
0
0
0
0
0
0
0
0
0
0
0
0
0
0
0
0
0
0
0
0
0
0
0
0
0
0
0
0
0
0
0
0
0
0
0
0
0
0
0
0
0
0
0
0
0
0
0
0
0
0
0
0
0
0
0
0
0
0
0
0
0
0
0
0
0
0
0
0
0
0
0
0
0
0
0
0
0
0
0
0
0
0
0
0
0
0
0
0
0
0
0
0
0
0
0
0
0
0
0
0
0
0
0
0
0
0
0
0
0
0
0
0
0
0
0
0
0
0
0
0
0
0
0
0
0
0
0
0
0
0
0
0
0
0
0
0
0
0
0
0
0
0
0
0
0
0
0
0
0
0
0
0
0
0
0
0
0
0
0
0
0
0
0
0
0
0
0
0
0
0
0
0
0
0
0
0
0
0
0
0
0
0
0
0
0
0
0
0
0
0
0
0
0
0
0
0
0
0
0
0
0
0
0
0
0
0
0
0
0
0
0
0
0
0
0
0
0
0
0
0
0
0
0
0
0
0
0
0
0
0
0
0
0
0
0
0
0
0
0
0
0
0
0
0
0
0
0
0
0
0
0
0
0
0
0
0
0
0
0
0
0
0
0
0
0
0
0
0
0
0
0
0
0
0
0
0
0
0
0
0
0
0
0
0
0
0
0
0
0
0
0
0
0
0
0
0
0
0
0
0
0
0
0
0
0
0
0
0
0
0
0
0
0
0
0
0
0
0
0
0
0
0
0
0
0
0
0
0
0
0
0
0
0
0
0
0
0
0
0
0
0
0
0
0
0
0
0
0
0
0
0
0
0
0
0
0
0
0
0
0
0
0
0
0
0
0
0
0
0
0
0
0
0
0
0
0
0
0
0
0
0
0
0
0
0
0
0
0
0
0
0
0
0
0
0
0
0
0
0
0
0
0
0
0
0
0
0
0
0
0
0
0
0
0
0
0
0
0
0
0
0
0
0
0
0
0
0
0
0
0
0
0
0
0
0
0
0
0
0
0
0
0
0
0
0
0
0
0
0
0
0
0
0
0
0
0
0
0
0
0
0
0
0
0
0
0
0
0
0
0
0
0
0
0
0
0
0
0
0
0
0
0
0
0
0
0
0
0
0
0
0
0
0
0
0
0
0
0
0
0
0
0
0
0
0
0
0
0
0
0
0
0
0
0
0
0
0
0
0
0
0
0
0
0
0
0
0
0
0
0
0
0
0
0
0
0
0
0
0
0
0
0
0
0
0
0
0
0
0
0
0
0
0
0
0
0
0
0
0
0
0
0
0
0
0
0
0
0
0
0
0
0
0
0
0
0
0
0
0
0
0
0
0
0
0
0
0
0
0
0
0
0
0
0
0
0
0
0
0
0
0
0
0
0
0
0
0
0
0
0
0
0
0
0
0
0
0
0
0
0
0
0
0
0
0
0
0
0
0
0
0
0
0
0
0
0
0
0
0
0
0
0
0
0
0
0
0
0
0
0
0
0
0
0
0
0
0
0
0
0
0
0
0
0
0
0
0
0
0
0
0
0
0
0
0
0
0
0
0
0
0
0
0
0
0
0
0
0
0
0
0
0
0
0
0
0
0
0
0
0
0
0
0
0
0
0
0
0
0
0
0
0
0
0
0
0
0
0
0
0
0
0
0
0
0
0
0
0
0
0
0
0
0
0
0
0
0
0
0
0
0
0
0
0
0
0
0
0
0
0
0
0
0
0
0
0
0
0
0
0
0
0
0
0
0
0
0
0
0
0
0
0
0
0
0
0
0
0
0
0
0
0
0
0
0
0
0
0
0
0
0
0
0
0
0
0
0
0
0
0
0
0
0
0
0
0
0
0
0
0
0
0
0
0
0
0
0
0
0
0
0
0
0
0
0
0
0
0
0
0
0
0
0
0
0
0
0
0
0
0
0
0
0
0
0
0
0
0
0
0
0
0
0
0
0
0
0
0
0
0
0
0
0
0
0
0
0
0
0
0
0
0
0
0
0
0
0
0
0
0
0
0
0
0
0
0
0
0
0
0
0
0
0
0
0
0
0
0
0
0
0
0
0
0
0
0
0
0
0
0
0
0
0
0
0
0
0
0
0
0
0
0
0
0
0
0
0
0
0
0
0
0
0
0
0
0
0
0
0
0
0
0
0
0
0
0
0
0
0
0
0
0
0
0
0
0
0
0
0
0
0
0
0
0
0
0
0
0
0
0
0
0
0
0
0
0
0
0
0
0
0
0
0
0
0
0
0
0
0
0
0
0
0
0
0
0
0
0
0
0
0
0
0
0
0
0
0
0
0
0
0
0
0
0
0
0
0
0
0
0
0
0
0
0
0
0
0
0
0
0
0
0
0
0
0
0
0
0
0
0
0
0
0
0
0
0
0
0
0
0
0
0
0
0
0
0
0
0
0
0
0
0
0
0
0
0
0
0
0
0
0
0
0
0
0
0
0
0
0
0
0
0
0
0
0
0
0
0
0
0
0
0
0
0
0
0
0
0
0
0
0
0
0
0
0
0
0
0
0
0
0
0
0
0
0
0
0
0
0
0
0
0
0
0
0
0
0
0
0
0
0
0
0
0
0
0
0
0
0
0
0
0
0
0
0
0
0
0
0
0
0
0
0
0
0
0
0
0
0
0
0
0
0
0
0
0
0
0
0
0
0
0
0
0
0
0
0
0
0
0
0
0
0
0
0
0
0
0
0
0
0
0
0
0
0
0
0
0
0
0
0
0
0
0
0
0
0
0
0
0
0
0
0
0
0
0
0
0
0
0
0
0
0
0
0
0
0
0
0
0
0
0
0
0
0
0
0
0
0
0
0
0
0
0
0
0
0
0
0
0
0
0
0
0
0
0
0
0
0
0
0
0
0
0
0
0
0
0
0
0
0
0
0
0
0
0
0
0
0
0
0
0
0
0
0
0
0
0
0
0
0
0
0
0
0
0
0
0
0
0
0
0
0
0
0
0
0
0
0
0
0
0
0
0
0
0
0
0
0
0
0
0
0
0
0
0
0
0
0
0
0
0
0
0
0
0
0
0
0
0
0
0
0
0
0
0
0
0
0
0
0
0
0
0
0
0
0
0
0
0
0
0
0
0
0
0
0
0
0
0
0
0
0
0
0
0
0
0
0
0
0
0
0
0
0
0
0
0
0
0
0
0
0
0
0
0
0
0
0
0
0
0
0
0
0
0
0
0
0
0
0
0
0
0
0
0
0
0
0
0
0
0
0
0
0
0
0
0
0
0
0
0
0
0
0
0
0
0
0
0
0
0
0
0
0
0
0
0
0
0
0
0
0
0
0
0
0
0
0
0
0
0
0
0
0
0
0
0
0
0
0
0
0
0
0
0
0
0
0
0
0
0
0
0
0
0
0
0
0
0
0
0
0
0
0
0
0
0
0
0
0
0
0
0
0
0
0
0
0
0
0
0
0
0
0
0
0
0
0
0
0
0
0
0
0
0
0
0
0
0
0
0
0
0
0
0
0
0
0
0
0
0
0
0
0
0
0
0
0
0
0
0
0
0
0
0
0
0
0
0
0
0
0
0
0
0
0
0
0
0
0
0
0
0
0
0
0
0
0
0
0
0
0
0
0
0
0
0
0
0
0
0
0
0
0
0
0
0
0
0
0
0
0
0
0
0
0
0
0
0
0
0
0
0
0
0
0
0
0
0
0
0
0
0
0
0
0
0
0
0
0
0
0
0
0
0
0
0
0
0
0
0
0
0
0
0
0
0
0
0
0
0
0
0
0
0
0
0
0
0
0
0
0
0
0
0
0
0
0
0
0
0
0
0
0
0
0
0
0
0
0
0
0
0
0
0
0
0
0
0
0
0
0
0
0
0
0
0
0
0
0
0
0
0
0
0
0
0
0
0
0
0
0
0
0
0
0
0
0
0
0
0
0
0
0
0
0
0
0
0
0
0
0
0
0
0
0
0
0
0
0
0
0
0
0
0
0
0
0
0
0
0
0
0
0
0
0
0
0
0
0
0
0
0
0
0
0
0
0
0
0
0
0
0
0
0
0
0
0
0
0
0
0
0
0
0
0
0
0
0
0
0
0
0
0
0
0
0
0
0
0
0
0
0
0
0
0
0
0
0
0
0
0
0
0
0
0
0
0
0
0
0
0
0
0
0
0
0
0
0
0
0
0
0
0
0
0
0
0
0
0
0
0
0
0
0
0
0
0
0
0
0
0
0
0
0
0
0
0
0
0
0
0
0
0
0
0
0
0
0
0
0
0
0
0
0
0
0
0
0
0
0
0
0
0
0
0
0
0
0
0
0
0
0
0
0
0
0
0
0
0
0
0
0
0
0
0
0
0
0
0
0
0
0
0
0
0
0
0
0
0
0
0
0
0
0
0
0
0
0
0
0
0
0
0
0
0
0
0
0
0
0
0
0
0
0
0
0
0
0
0
0
0
0
0
0
0
0
0
0
0
0
0
0
0
0
0
0
0
0
0
0
0
0
0
0
0
0
0
0
0
0
0
0
0
0
0
0
0
0
0
0
0
0
0
0
0
0
0
0
0
0
0
0
0
0
0
0
0
0
0
0
0
0
0
0
0
0
0
0
0
0
0
0
0
0
0
0
0
0
0
0
0
0
0
0
0
0
0
0
0
0
0
0
0
0
0
0
0
0
0
0
0
0
0
0
0
0
0
0
0
0
0
0
0
0
0
0
0
0
0
0
0
0
0
0
0
0
0
0
0
0
0
0
0
0
0
0
0
0
0
0
0
0
0
0
0
0
0
0
0
0
0
0
0
0
0
0
0
0
0
0
0
0
0
0
0
0
0
0
0
0
0
0
0
0
0
0
0
0
0
0
0
0
0
0
0
0
0
0
0
0
0
0
0
0
0
0
0
0
0
0
0
0
0
0
0
0
0
0
0
0
0
0
0
0
0
0
0
0
0
0
0
0
0
0
0
0
0
0
0
0
0
0
0
0
0
0
0
0
0
0
0
0
0
0
0
0
0
0
0
0
0
0
0
0
0
0
0
0
0
0
0
0
0
0
0
0
0
0
0
0
0
0
0
0
0
0
0
0
0
0
0
0
0
0
0
0
0
0
0
0
0
0
0
0
0
0
0
0
0
0
0
0
0
0
0
0
0
0
0
0
0
0
0
0
0
0
0
0
0
0
0
0
0
0
0
0
0
0
0
0
0
0
0
0
0
0
0
0
0
0
0
0
0
0
0
0
0
0
0
0
0
0
0
0
0
0
0
0
0
0
0
0
0
0
0
0
0
0
0
0
0
0
0
0
0
0
0
0
0
0
0
0
0
0
0
0
0
0
0
0
0
0
0
0
0
0
0
0
0
0
0
0
0
0
0
0
0
0
0
0
0
0
0
0
0
0
0
0
0
0
0
0
0
0
0
0
0
0
0
0
0
0
0
0
0
0
0
0
0
0
0
0
0
0
0
0
0
0
0
0
0
0
0
0
0
0
0
0
0
0
0
0
0
0
0
0
0
0
0
0
0
0
0
0
0
0
0
0
0
0
0
0
0
0
0
0
0
0
0
0
0
0
0
0
0
0
0
0
0
0
0
0
0
0
0
0
0
0
0
0
0
0
0
0
0
0
0
0
0
0
0
0
0
0
0
0
0
0
0
0
0
0
0
0
0
0
0
0
0
0
0
0
0
0
0
0
0
0
0
0
0
0
0
0
0
0
0
0
0
0
0
0
0
0
0
0
0
0
0
0
0
0
0
0
0
0
0
0
0
0
0
0
0
0
0
0
0
0
0
0
0
0
0
0
0
0
0
0
0
0
0
0
0
0
0
0
0
0
0
0
0
0
0
0
0
0
0
0
0
0
0
0
0
0
0
0
0
0
0
0
0
0
0
0
0
0
0
0
0
0
0
0
0
0
0
0
0
0
0
0
0
0
0
0
0
0
0
0
0
0
0
0
0
0
0
0
0
0
0
0
0
0
0
0
0
0
0
0
0
0
0
0
0
0
0
0
0
0
0
0
0
0
0
0
0
0
0
0
0
0
0
0
0
0
0
0
0
0
0
0
0
0
0
0
0
0
0
0
0
0
0
0
0
0
0
0
0
0
0
0
0
0
0
0
0
0
0
0
0
0
0
0
0
0
0
0
0
0
0
0
0
0
0
0
0
0
0
0
0
0
0
0
0
0
0
0
0
0
0
0
0
0
0
0
0
0
0
0
0
0
0
0
0
0
0
0
0
0
0
0
0
0
0
0
0
0
0
0
0
0
0
0
0
0
0
0
0
0
0
0
0
0
0
0
0
0
0
0
0
0
0
0
0
0
0
0
0
0
0
0
0
0
0
0
0
0
0
0
0
0
0
0
0
0
0
0
0
0
0
0
0
0
0
0
0
0
0
0
0
0
0
0
0
0
0
0
0
0
0
0
0
0
0
0
0
0
0
0
0
0
0
0
0
0
0
0
0
0
0
0
0
0
0
0
0
0
0
0
0
0
0
0
0
0
0
0
0
0
0
0
0
0
0
0
0
0
0
0
0
0
0
0
0
0
0
0
0
0
0
0
0
0
0
0
0
0
0
0
0
0
0
0
0
0
0
0
0
0
0
0
0
0
0
0
0
0
0
0
0
0
0
0
0
0
0
0
0
0
0
0
0
0
0
0
0
0
0
0
0
0
0
0
0
0
0
0
0
0
0
0
0
0
0
0
0
0
0
0
0
0
0
0
0
0
0
0
0
0
0
0
0
0
0
0
0
0
0
0
0
0
0
0
0
0
0
0
0
0
0
0
0
0
0
0
0
0
0
0
0
0
0
0
0
0
0
0
0
0
0
0
0
0
0
0
0
0
0
0
0
0
0
0
0
0
0
0
0
0
0
0
0
0
0
0
0
0
0
0
0
0
0
0
0
0
0
0
0
0
0
0
0
0
0
0
0
0
0
0
0
0
0
0
0
0
0
0
0
0
0
0
0
0
0
0
0
0
0
0
0
0
0
0
0
0
0
0
0
0
0
0
0
0
0
0
0
0
0
0
0
0
0
0
0
0
0
0
0
0
0
0
0
0
0
0
0
0
0
0
0
0
0
0
0
0
0
0
0
0
0
0
0
0
0
0
0
0
0
0
0
0
0
0
0
0
0
0
0
0
0
0
0
0
0
0
0
0
0
0
0
0
0
0
0
0
0
0
0
0
0
0
0
0
0
0
0
0
0
0
0
0
0
0
0
0
0
0
0
0
0
0
0
0
0
0
0
0
0
0
0
0
0
0
0
0
0
0
0
0
0
0
0
0
0
0
0
0
0
0
0
0
0
0
0
0
0
0
0
0
0
0
0
0
0
0
0
0
0
0
0
0
0
0
0
0
0
0
0
0
0
0
0
0
0
0
0
0
0
0
0
0
0
0
0
0
0
0
0
0
0
0
0
0
0
0
0
0
0
0
0
0
0
0
0
0
0
0
0
0
0
0
0
0
0
0
0
0
0
0
0
0
0
0
0
0
0
0
0
0
0
0
0
0
0
0
0
0
0
0
0
0
0
0
0
0
0
0
0
0
0
0
0
0
0
0
0
0
0
0
0
0
0
0
0
0
0
0
0
0
0
0
0
0
0
0
0
0
0
0
0
0
0
0
0
0
0
0
0
0
0
0
0
0
0
0
0
0
0
0
0
0
0
0
0
0
0
0
0
0
0
0
0
0
0
0
0
0
0
0
0
0
0
0
0
0
0
0
0
0
0
0
0
0
0
0
0
0
0
0
0
0
0
0
0
0
0
0
0
0
0
0
0
0
0
0
0
0
0
0
0
0
0
0
0
0
0
0
0
0
0
0
0
0
0
0
0
0
0
0
0
0
0
0
0
0
0
0
0
0
0
0
0
0
0
0
0
0
0
0
0
0
0
0
0
0
0
0
0
0
0
0
0
0
0
0
0
0
0
0
0
0
0
0
0
0
0
0
0
0
0
0
0
0
0
0
0
0
0
0
0
0
0
0
0
0
0
0
0
0
0
0
0
0
0
0
0
0
0
0
0
0
0
0
0
0
0
0
0
0
0
0
0
0
0
0
0
0
0
0
0
0
0
0
0
0
0
0
0
0
0
0
0
0
0
0
0
0
0
0
0
0
0
0
0
0
0
0
0
0
0
0
0
0
0
0
0
0
0
0
0
0
0
0
0
0
0
0
0
0
0
0
0
0
0
0
0
0
0
0
0
0
0
0
0
0
0
0
0
0
0
0
0
0
0
0
0
0
0
0
0
0
0
0
0
0
0
0
0
0
0
0
0
0
0
0
0
0
0
0
0
0
0
0
0
0
0
0
0
0
0
0
0
0
0
0
0
0
0
0
0
0
0
0
0
0
0
0
0
0
0
0
0
0
0
0
0
0
0
0
0
0
0
0
0
0
0
0
0
0
0
0
0
0
0
0
0
0
0
0
0
0
0
0
0
0
0
0
0
0
0
0
0
0
0
0
0
0
0
0
0
0
0
0
0
0
0
0
0
0
0
0
0
0
0
0
0
0
0
0
0
0
0
0
0
0
0
0
0
0
0
0
0
0
0
0
0
0
0
0
0
0
0
0
0
0
0
0
0
0
0
0
0
0
0
0
0
0
0
0
0
0
0
0
0
0
0
0
0
0
0
0
0
0
0
0
0
0
0
0
0
0
0
0
0
0
0
0
0
0
0
0
0
0
0
0
0
0
0
0
0
0
0
0
0
0
0
0
0
0
0
0
0
0
0
0
0
0
0
0
0
0
0
0
0
0
0
0
0
0
0
0
0
0
0
0
0
0
0
0
0
0
0
0
0
0
0
0
0
0
0
0
0
0
0
0
0
0
0
0
0
0
0
0
0
0
0
0
0
0
0
0
0
0
0
0
0
0
0
0
0
0
0
0
0
0
0
0
0
0
0
0
0
0
0
0
0
0
0
0
0
0
0
0
0
0
0
0
0
0
0
0
0
0
0
0
0
0
0
0
0
0
0
0
0
0
0
0
0
0
0
0
0
0
0
0
0
0
0
0
0
0
0
0
0
0
0
0
0
0
0
0
0
0
0
0
0
0
0
0
0
0
0
0
0
0
0
0
0
0
0
0
0
0
0
0
0
0
0
0
0
0
0
0
0
0
0
0
0
0
0
0
0
0
0
0
0
0
0
0
0
0
0
0
0
0
0
0
0
0
0
0
0
0
0
0
0
0
0
0
0
0
0
0
0
0
0
0
0
0
0
0
0
0
0
0
0
0
0
0
0
0
0
0
0
0
0
0
0
0
0
0
0
0
0
0
0
0
0
0
0
0
0
0
0
0
0
0
0
0
0
0
0
0
0
0
0
0
0
0
0
0
0
0
0
0
0
0
0
0
0
0
0
0
0
0
0
0
0
0
0
0
0
0
0
0
0
0
0
0
0
0
0
0
0
0
0
0
0
0
0
0
0
0
0
0
0
0
0
0
0
0
0
0
0
0
0
0
0
0
0
0
0
0
0
0
0
0
0
0
0
0
0
0
0
0
0
0
0
0
0
0
0
0
0
0
0
0
0
0
0
0
0
0
0
0
0
0
0
0
0
0
0
0
0
0
0
0
0
0
0
0
0
0
0
0
0
0
0
0
0
0
0
0
0
0
0
0
0
0
0
0
0
0
0
0
0
0
0
0
0
0
0
0
0
0
0
0
0
0
0
0
0
0
