721
4068
49634
311600
918227
2.72743e+06
3.41538e+06
3.82103e+06
3.9121e+06
3.94729e+06
3.89814e+06
3.79707e+06
3.68194e+06
3.57592e+06
3.51894e+06
3.49483e+06
3.51799e+06
3.60076e+06
3.78432e+06
3.81112e+06
3.77016e+06
3.88498e+06
3.93605e+06
3.98149e+06
4.04105e+06
4.12227e+06
4.21357e+06
4.30298e+06
4.4088e+06
4.519e+06
4.63703e+06
4.75773e+06
4.84966e+06
4.91864e+06
4.96745e+06
5.00917e+06
5.02512e+06
5.04234e+06
5.02982e+06
5.00836e+06
4.98662e+06
4.9737e+06
4.97208e+06
4.99324e+06
5.04315e+06
5.12164e+06
5.21873e+06
5.25785e+06
5.29339e+06
5.31081e+06
5.31263e+06
5.33779e+06
5.43428e+06
5.53866e+06
5.53792e+06
5.42685e+06
5.28629e+06
5.14294e+06
5.0284e+06
4.99796e+06
4.78589e+06
4.58876e+06
4.45564e+06
4.33446e+06
4.21739e+06
4.10194e+06
3.99695e+06
3.90393e+06
3.79733e+06
3.70868e+06
3.61643e+06
3.53077e+06
3.45947e+06
3.43085e+06
3.33581e+06
3.24192e+06
3.19849e+06
3.22612e+06
3.08746e+06
3.00673e+06
2.9479e+06
2.90095e+06
2.85476e+06
2.80564e+06
2.77973e+06
2.71606e+06
2.67192e+06
2.70419e+06
2.64733e+06
2.54476e+06
2.50461e+06
2.47584e+06
2.44446e+06
2.40989e+06
2.38328e+06
2.35638e+06
2.33215e+06
2.30026e+06
2.27303e+06
2.24828e+06
2.22353e+06
2.20209e+06
2.18039e+06
2.15078e+06
2.1271e+06
2.10814e+06
2.08898e+06
2.06623e+06
2.04711e+06
2.03617e+06
2.01022e+06
1.99284e+06
1.97281e+06
1.96044e+06
1.94521e+06
1.93606e+06
1.91692e+06
1.8989e+06
1.8881e+06
1.86991e+06
1.85631e+06
1.84764e+06
1.83346e+06
1.81994e+06
1.80965e+06
1.80507e+06
1.82318e+06
1.93138e+06
1.82917e+06
1.75822e+06
1.74365e+06
1.73212e+06
1.72316e+06
1.7153e+06
1.70536e+06
1.69497e+06
1.68864e+06
1.68218e+06
1.67091e+06
1.66392e+06
1.66248e+06
1.65156e+06
1.64413e+06
1.6388e+06
1.63924e+06
1.68808e+06
1.64344e+06
1.6113e+06
1.60532e+06
1.60091e+06
1.60138e+06
1.63095e+06
1.68678e+06
1.58886e+06
1.57606e+06
1.57049e+06
1.56808e+06
1.56478e+06
1.56213e+06
1.55771e+06
1.55015e+06
1.55155e+06
1.54844e+06
1.54517e+06
1.54615e+06
1.55454e+06
1.54301e+06
1.53561e+06
1.53486e+06
1.53518e+06
1.52988e+06
1.52723e+06
1.52559e+06
1.52277e+06
1.52774e+06
1.52617e+06
1.52436e+06
1.52225e+06
1.52135e+06
1.52075e+06
1.52473e+06
1.53602e+06
1.52619e+06
1.522e+06
1.52346e+06
1.52778e+06
1.5268e+06
1.52633e+06
1.52938e+06
1.53004e+06
1.53184e+06
1.54137e+06
1.5466e+06
1.54207e+06
1.53945e+06
1.54601e+06
1.55235e+06
1.55664e+06
1.56351e+06
1.56438e+06
1.56521e+06
1.57312e+06
1.57543e+06
1.58071e+06
1.59952e+06
1.63082e+06
1.60641e+06
1.60872e+06
1.61672e+06
1.62682e+06
1.63345e+06
1.6383e+06
1.65126e+06
1.65804e+06
1.6721e+06
1.68534e+06
1.69041e+06
1.70063e+06
1.7152e+06
1.72734e+06
1.73955e+06
1.75582e+06
1.76705e+06
1.78317e+06
1.79839e+06
1.81577e+06
1.83734e+06
1.89131e+06
1.88092e+06
1.87884e+06
1.89322e+06
1.91153e+06
1.92742e+06
1.94981e+06
1.95234e+06
1.96511e+06
1.97488e+06
1.97629e+06
1.95536e+06
1.90826e+06
1.78529e+06
1.61841e+06
1.52628e+06
1.45387e+06
1.4247e+06
1.40684e+06
1.39244e+06
1.3816e+06
1.36969e+06
1.3636e+06
1.35655e+06
1.34773e+06
1.34037e+06
1.33177e+06
1.32686e+06
1.31919e+06
1.30909e+06
1.30134e+06
1.29151e+06
1.28054e+06
1.26782e+06
1.25478e+06
1.24384e+06
1.2301e+06
1.21848e+06
1.21653e+06
1.21268e+06
1.21192e+06
1.21224e+06
1.21616e+06
1.21272e+06
1.21439e+06
1.2147e+06
1.21792e+06
1.21944e+06
1.21382e+06
1.20546e+06
1.1774e+06
1.10797e+06
978716
834991
737384
696960
669778
646756
631229
614364
600163
590677
578925
577239
592465
3.58159e+06
1.32954e+07
763396
431365
408355
389539
371311
351213
329736
308095
286338
264924
247908
232994
220167
209626
199284
199199
172657
157743
147066
140202
134320
130166
126960
123572
120934
118956
119161
113298
111229
108167
105398
104437
102286
100649
100716
103971
115042
157613
5.32615e+06
9.29798e+06
138147
40347
35900
33794
32651
31803
31142
30492
29491
30429
37726
28985
29766
27768
27428
28090
30295
30215
29815
26560
26278
26497
26955
25983
26279
25611
25338
25763
26128
28087
186656
449858
33534
21323
20762
20682
20443
20403
20302
21249
21375
21248
21491
24673
20678
20165
19771
19893
20001
19601
20579
19463
19070
18463
18252
18491
18051
18095
18028
17861
18314
20011
21956
33758
36675
19646
18082
17752
17687
17544
18411
19590
17736
19579
17853
17493
16759
16478
16394
16420
16837
18313
16563
16144
15920
16178
16228
16507
16137
16692
15705
15704
15611
15594
15564
15531
15645
16728
21098
16507
15670
15475
15327
15395
15486
15936
27159
41897
17324
15403
15231
15132
15173
15011
14966
15109
14853
15157
15297
15212
15023
14893
15267
15057
14910
15663
15683
17505
17514
15034
15026
15094
15181
14932
15491
15051
15109
15115
15169
14979
15166
14952
14642
14889
15083
14847
15226
14918
14680
14923
15032
14581
14524
14767
14688
14567
14429
14821
14485
14565
14266
14127
14074
14094
13936
13971
13921
13950
14059
14068
13940
13994
13808
13954
13905
13990
13602
13766
13801
13858
13872
13664
13535
13850
13635
13634
13513
13617
13808
13740
14189
18269
19778
14751
14134
14973
14524
13686
13553
13580
13564
13520
13537
13565
13712
13382
13472
13781
13550
13536
13574
13547
13512
13803
13630
13909
16988
20607
14930
13825
13827
13669
13474
13591
13545
13402
13672
13487
13965
13654
13740
13771
14023
13868
13908
13886
13848
13710
14164
14595
14141
14177
14050
14127
14219
14076
14131
14171
14219
14306
14253
14453
14710
14441
14397
14597
14501
14457
14471
14576
14391
13552
12945
12710
12423
12212
12055
12074
11889
11884
11877
11652
11784
11674
11538
11650
11615
12434
13163
11784
11326
11182
10860
10844
10787
10674
10629
10325
10434
10257
10351
10311
10358
10191
9912
9713
9751
9822
9668
9600
9679
9548
9405
9423
9395
9528
9490
9280
9409
9447
9261
9349
9467
9245
9414
9382
9615
10278
14651
40447
39727
15330
10005
9482
9415
9425
9210
9012
9018
9016
9016
8942
9041
9073
8987
9080
8918
8971
9188
8871
9011
8820
8958
9052
9006
9033
9025
8989
8963
8908
9093
9126
9235
8851
8985
9007
8896
8900
8892
8919
9049
9042
9044
8982
8939
8983
8976
9032
9105
9107
9150
8967
8913
8992
8915
8984
9118
9039
9092
8972
9021
9030
8994
8954
8926
8917
8862
8906
8826
9123
8838
9033
8980
9078
8816
9090
8786
9207
8887
8995
8970
8960
8871
8971
8887
8845
8920
9117
8950
8971
9086
9196
8904
8935
8952
8884
9117
8948
8880
9088
9125
9062
8893
8987
9099
8982
8878
9082
8854
9084
9123
9035
8968
8844
9068
9084
9186
9062
9048
8991
8889
9152
8772
8968
8824
8923
8874
8961
8878
8969
8744
9081
8987
8949
8988
8908
9046
9161
8916
9115
8945
9007
9009
8838
8792
8806
9003
8873
8822
9083
9059
8913
9008
8864
9024
9032
8940
9176
9013
8973
9009
9155
9074
9091
8975
9137
8991
8932
8939
8978
8903
9104
8914
8972
8980
9044
8973
8868
8934
8842
9040
8949
8900
8947
8868
9015
9012
8988
8819
8926
8928
8897
8851
8906
8996
9027
8837
8950
8761
8760
8801
9015
8795
8722
8932
8769
8943
9056
8719
8912
8987
8907
8748
8807
8960
8950
8888
8910
9028
8789
8931
8806
8930
8851
9023
9050
8977
9043
8748
8955
8900
9054
8867
8963
9098
8895
8851
8950
8880
9006
9029
9096
8901
8972
8931
9013
8984
9042
8870
8994
8868
8938
8995
8862
9013
8849
8914
8862
8960
8957
8932
8944
8883
8964
8595
8999
8908
8943
8856
8909
8698
8791
8804
8814
8986
8885
8939
8932
8945
8693
9022
8839
9011
8880
9066
8910
8719
9045
9003
8941
8914
8929
9125
9041
8776
9048
9029
8827
8970
8819
9096
8792
8769
8899
8937
8869
8985
8964
8847
8906
8684
8965
8977
9021
8952
8861
9036
8850
8838
8871
9068
8991
9010
8840
8994
8911
8970
8968
8943
8827
8650
8890
9040
8852
8775
8773
8833
8924
9156
8975
8968
9023
8808
8934
8939
8824
8853
8749
8895
8849
8926
9010
8872
9031
8921
8926
8961
8862
8798
8638
8814
8926
8930
8958
8886
8751
8814
8950
8769
8754
9032
8846
9062
8869
8888
8746
8900
8631
9004
8946
8882
8868
8913
8954
8981
8772
8744
8953
8791
8831
9133
8904
9004
8690
8887
8962
8994
8835
9017
8922
8886
8693
8921
8958
8953
8874
8794
8822
8912
9032
8743
8854
8944
8710
8941
8909
8916
8768
8878
8847
8765
9072
8825
8776
8798
8934
8750
8902
8870
8869
8673
8855
8811
8942
8696
8728
8874
8584
8752
8757
8990
8892
8787
9000
8736
8735
8855
8892
8864
8666
8690
8938
8798
8994
8706
8913
8900
8685
8953
8639
8743
8766
8776
8784
8993
8942
8841
8833
8833
8908
8813
8896
8805
8748
8849
8812
8884
8741
8792
8951
8853
8833
8652
8905
8864
8772
8864
8864
8866
8942
8825
8822
8784
8895
8905
8888
8983
8711
8758
8754
8750
8838
8747
8922
8789
8641
8689
8780
8878
8888
9008
8749
8678
8848
8824
8768
9006
8749
8833
8817
8813
8796
8909
8789
8970
8821
8888
8746
8854
8882
8819
8603
8678
8833
8673
8837
8873
8717
8777
8772
8894
8833
8691
8824
8897
8761
8824
9072
9050
8905
8687
8865
8853
8916
8768
8773
8732
8788
8708
8621
8690
8681
8673
8748
8943
8928
8768
8762
8888
9059
8861
8887
8857
9013
8879
8975
9025
8957
8903
8733
8813
8795
9144
8569
8697
8915
8849
8739
8908
8819
8564
8950
8790
8715
8874
8817
8781
8840
8645
8675
8860
8923
8738
8767
8741
8646
8695
8815
8800
8835
8880
8824
8973
8823
8849
8775
8834
8882
8917
8824
8801
8859
8964
8863
8812
8720
8940
8710
8685
8856
8824
8845
8967
8764
8790
8768
8861
8950
8915
8946
8937
8679
8893
8962
8814
8790
8721
8770
8871
8699
8887
8893
8680
8892
8679
8959
8727
8733
8805
8904
8970
8860
8777
8843
8828
8892
8883
8661
8843
8671
8661
8779
8746
8781
8945
8821
8616
8837
8670
8782
8850
8770
8830
8843
8726
8658
8790
8797
8753
8666
8857
8475
8723
8744
8733
8980
8841
8769
8908
8718
8734
8859
8850
8952
8732
8681
8894
8710
8784
8844
8829
8697
8947
8900
8870
8798
8816
8782
9038
8810
8824
8838
8764
8854
8732
8837
8816
8879
8763
8818
8694
8810
8807
8949
8800
8929
8930
8862
8917
8805
8773
9162
8762
8765
8672
8881
8869
8903
8779
8922
8828
8703
8899
8641
8790
8851
8869
8744
8899
8759
8753
8705
8699
8797
8733
8881
8834
8687
8942
8772
8833
8736
8708
8786
8856
8934
8837
8600
8976
8791
8871
8833
8737
8930
8762
8724
8761
8857
8785
8790
8770
8910
8829
8926
8792
8872
8666
8876
8821
8700
8903
8667
8892
8668
8783
8804
8778
8686
8881
8663
8732
8766
8879
8876
8857
8694
8844
8768
8787
8724
8789
8903
8707
8744
8924
8865
8837
8690
8800
8873
8930
8685
8741
8870
8846
8798
8725
8715
8833
8879
8789
8847
8697
8833
8977
8791
8719
8725
8779
8878
8774
8741
8833
8708
8726
8810
8756
8650
8808
8882
8665
8798
8829
8773
8799
8706
8638
8979
8674
8921
8918
8672
8688
8853
8823
8886
8880
8734
8885
8664
8960
8962
8785
8871
8746
8815
8612
8845
8654
8764
8789
8630
8887
8782
8854
8704
8857
8633
8839
8826
8918
8792
8865
8877
8722
8666
8763
8966
8878
8679
8617
8739
8903
8929
8845
8924
8897
8871
8833
8621
8808
8757
8954
8804
8759
8827
8784
8789
8934
8791
8993
8663
8702
8943
8903
8840
8751
8734
8749
8559
8825
8852
8739
8737
8751
8729
8856
8715
8873
8831
8643
8909
8766
8750
8807
8731
8734
8821
9072
8728
8719
8757
8877
8918
8825
8874
8868
8633
8982
8805
8872
9020
8824
8721
8774
8667
8866
8741
8863
8775
8733
8845
8757
8856
8762
8771
8665
8814
8937
8821
8729
8733
8703
8707
8879
8618
8806
8830
8809
8738
8811
8845
8703
8672
8747
8719
8694
8775
8784
8715
8741
8886
8796
8687
8966
8848
8746
8774
8790
8753
8985
8785
8618
8604
8877
8835
8824
8711
8661
8593
8671
8679
8610
8822
8705
8787
8777
8875
8851
8897
8714
8907
8795
8993
8701
8610
8627
8764
8863
8827
8740
8824
8767
8791
8795
8798
8752
8713
8766
8937
8727
8628
8936
8775
8637
8872
8901
8742
8883
8721
8632
8799
8636
8688
8724
8883
8807
8727
8633
8702
8755
8842
8683
8985
8677
8730
8834
8891
8823
8754
8831
8850
8872
8768
8807
8839
8697
8808
8769
8913
8694
8816
8937
8623
8863
8721
8798
8967
8714
8769
8827
8684
8659
8562
8789
8749
8760
8761
8649
8955
8843
8765
8741
8701
8699
8710
8737
8646
8868
8711
8864
8861
8727
8922
8747
8651
8834
8777
8662
8713
8878
8606
8642
8709
8619
8746
8708
8789
8703
8677
8827
8843
8803
8883
8934
8891
8933
8592
8630
8708
8823
8782
8676
8713
8706
8822
8867
8737
8709
8804
8660
8667
8737
8725
8799
8721
8855
8784
8759
8897
8862
8773
8631
8846
8697
8709
8614
8920
8696
8947
8833
8725
8753
8756
8646
8683
8544
8882
8847
8879
8795
8721
8908
8797
8590
8804
8757
8829
8842
8809
8772
8742
8569
8737
8725
8788
8826
8608
8855
8837
8814
8818
8719
8865
8736
8802
8933
8738
8781
8790
8639
8818
8744
8630
8790
8638
8926
8835
8833
8527
8900
8710
8743
8808
8860
8611
8786
8805
8834
8713
8828
8637
8773
8824
8806
8901
8862
8787
8836
8709
8731
8795
8674
8741
8688
8800
8686
8621
8792
8833
8852
8826
8707
8895
8671
8998
8729
8888
8646
8664
8801
8647
8604
8658
8690
8801
8751
8929
8788
8799
8629
8757
8590
8729
8856
8750
8799
8733
8836
8795
8832
8667
8600
8792
8824
8559
8684
8805
8648
8591
8747
8858
8829
8707
8769
8832
8640
8735
8706
8706
8874
8717
8602
8719
8686
8745
8772
8760
8794
8798
8626
8684
8701
8854
8755
8805
8828
8862
8689
8775
8818
8847
8793
8821
8685
8631
8705
8697
8670
8660
8688
8680
8927
8646
8676
8956
8764
8886
8572
8489
8845
8619
8791
8801
8690
8693
8849
8787
8605
8826
8919
8614
8701
8732
8673
8829
8864
8705
8793
8660
8625
8534
8615
8864
8613
8756
8697
8817
8660
8802
8831
8685
8698
8832
8717
8807
8770
8848
8731
8853
8697
8692
8735
8699
8671
8771
8668
8832
8664
8735
8734
8661
8768
8594
8673
8605
8875
8760
8675
8845
8552
8668
8833
8753
8718
8678
8598
8568
8677
8754
8642
8764
8847
8744
8635
8862
8632
8594
8536
8719
8812
8884
8759
8945
8755
8825
8780
8577
8791
8735
8722
8691
8821
8670
8688
8742
8691
8730
8721
8664
8828
8904
9037
8712
8645
8725
8654
8765
8600
8791
8736
8696
8707
8736
8853
8823
8660
8643
8619
8747
8929
8785
8562
8836
8715
8785
8732
8762
8769
8758
8698
8823
8771
8950
8754
8925
8791
8851
8707
8606
8808
8824
8745
8927
8594
8788
8779
8768
8880
8709
8593
8710
8746
8706
8552
8604
8635
8749
8831
8667
8791
8765
8811
8674
8712
8531
8700
8716
8802
8572
8752
8605
8793
8759
8716
8800
8809
8886
8644
8779
8715
8807
8785
8706
8609
8667
8759
8562
8610
8704
8759
8681
8626
8649
8593
8771
8839
8739
8838
8779
8629
8684
8698
8721
8953
8887
8668
8810
8738
8744
8665
8826
8777
8613
8737
8781
8718
8875
8757
8883
8732
8805
8758
8722
8759
8708
8785
8761
8689
8712
8698
8571
8625
8883
8755
8725
8736
8849
8727
8683
8773
8826
8745
8821
8675
8817
8644
8733
8610
8646
8774
8517
8739
8700
8829
8702
8836
8675
8593
8712
8675
8740
8746
8775
8812
8896
8848
8557
8683
8940
8892
8709
8653
8657
8695
8857
8569
8809
8800
8602
8816
8807
8856
8900
8521
8777
8989
8899
8703
8806
8608
8776
8757
8760
8665
8713
8652
8777
8707
8787
8789
8651
8740
8785
8493
8725
8899
8687
8579
8885
8786
8830
8786
8785
8604
8851
8779
8741
8749
8627
8813
8700
8761
8787
8679
8817
8774
8814
8580
8838
8918
8627
8633
8583
8799
8800
8640
8454
8747
8848
8726
8835
8783
8647
8797
8745
8811
8661
8774
8723
8801
8630
8386
8720
8708
8666
8631
8797
8888
8820
8664
8788
8868
8804
8819
8904
8959
8747
8855
8643
8559
8823
8834
8776
8751
8866
8820
8749
9042
8749
8628
8760
8659
8595
8781
8575
8839
8808
8898
8767
8773
8670
8658
8772
8707
8536
8676
8788
8776
8741
8703
8652
8783
8691
8648
8662
8966
8685
8722
8672
8658
8684
8789
8669
8816
8640
8605
8671
8702
8713
8683
8755
8640
8652
8555
8704
8773
8674
8777
8828
8669
8732
8791
8777
8781
8775
8767
8688
8571
8588
8666
8770
8948
8760
8832
8835
8779
8817
8818
8780
8895
8668
8521
8680
8677
8557
8688
8622
8846
8791
8813
8865
8681
8764
8784
8774
8792
8726
8748
8811
8874
8906
8743
8683
8828
8809
8609
8736
8720
8860
8868
8860
8902
8720
8756
8712
8648
8778
8675
8729
8849
8660
8876
8755
8791
8853
8689
8876
8612
8692
8725
8740
9007
8791
8841
8799
8891
8775
8836
8741
8763
8642
8713
8634
8676
8739
8745
8776
8861
8660
8710
8599
8710
8679
8653
8732
8756
8723
8766
8897
8640
8714
8719
8785
8666
8811
8649
8613
8654
8663
8754
8712
8733
8590
8766
8799
8759
8679
8815
8457
8838
8688
8741
8769
8818
8706
8835
8815
8687
8766
8787
8780
8627
8729
9043
8720
8800
8771
8760
8662
8715
8832
8975
8657
8717
8594
8586
8766
8822
8611
8673
8797
8717
8733
8863
8631
8764
8733
8719
8597
8644
8758
8690
8522
8633
8647
8555
8519
8541
8626
8689
8677
8770
8696
8726
8673
8907
8754
8900
8609
8863
8703
8749
8622
8765
8833
8709
8696
8753
8860
8744
8873
8818
8751
8597
8511
8679
8773
8800
8846
8888
8761
8626
8545
8522
8677
8708
8531
8734
8664
8782
8748
8729
8441
8876
8731
8727
8777
8707
8578
8666
8541
8730
8738
8733
8832
8693
8662
8571
8693
8495
8626
8742
8622
8675
8758
8765
8707
8659
8774
8621
8728
8818
8959
8637
8786
8796
8783
8745
8738
8917
8913
8796
8731
8629
8821
8691
8658
8817
8624
8680
8562
8687
8557
8459
8723
8724
8697
8636
8550
8748
8534
8512
8790
8609
8636
8828
8725
8684
8614
8731
8711
8649
8644
8550
8584
8817
8570
8793
8626
8842
8623
8876
8867
8639
8771
8842
8813
8748
8789
8827
8575
8678
8816
8569
8795
8721
8789
8772
8657
8656
8783
8701
8775
8784
8779
8745
8741
8724
8695
8618
8752
8649
8752
8882
8960
8719
8688
8719
8737
8803
8702
8713
8802
8672
8769
8764
8679
8644
8855
8740
8795
8753
8751
8759
8805
8755
8794
8728
8503
8734
8749
8814
8661
8654
8598
8705
8759
8608
8806
8583
8552
8875
8676
8817
8678
8729
8658
8705
8764
8794
8767
8737
8730
8665
8899
8716
8591
9036
8772
8829
8712
8666
8797
8729
8655
8838
8686
8715
8768
8692
8573
8811
8765
8684
8729
8443
8750
8761
8786
8682
8642
8533
8897
8815
8652
8802
8857
8651
8478
8728
8500
8777
8908
8742
8903
8795
8781
8675
8678
8820
8735
8450
8828
8611
8763
8692
8671
8936
8570
8854
8577
8656
8766
8583
8614
8614
8644
8700
8676
8661
8735
8690
8670
8677
8864
8798
8777
8638
8640
8783
8888
8765
8678
8829
8746
8574
8650
8733
8634
8518
8602
8655
8685
8711
8700
8747
8792
8709
8784
8830
8719
8819
8670
8818
8543
8751
8843
8719
8765
8669
8741
8652
8474
8670
8856
8546
8946
8586
8852
8661
8660
8734
8585
8734
8770
8723
8641
8675
8839
8609
8692
8685
8757
8710
8570
8708
8620
8804
8674
8662
8600
8584
8656
8728
8788
8687
8610
8704
8615
8528
8664
8808
8596
8661
8663
8619
8775
8536
8660
8586
8621
8768
8725
8697
8536
8595
8664
8659
8528
8668
8465
8744
8773
8642
8513
8684
8775
8813
8571
8560
8706
8773
8612
8737
8591
8716
8706
8714
8743
8762
8682
8660
8737
8798
8759
8575
8761
8593
8467
8766
8771
8816
8815
8840
8791
8786
8658
8867
8681
8562
8779
8514
8829
8607
8727
8772
8677
8769
8721
8775
8746
8531
8604
8695
8625
8870
8691
8728
8720
8588
8553
8743
8394
8440
8655
8450
8791
8598
8790
8726
8658
8590
8626
8549
8660
8612
8643
8687
8822
8760
8811
8622
8586
8652
8686
8705
8714
8797
8737
8725
8723
8999
8620
8820
8640
8823
8587
8737
8879
8772
8741
8664
8726
8738
8776
8936
8671
8644
8677
8617
8722
8659
8683
8597
8674
8665
8623
8761
8778
8769
8690
8645
8555
8768
8708
8622
8753
8610
8589
8846
8610
8676
8717
8719
8610
8710
8712
8682
8797
8665
8646
8624
8818
8769
8711
8742
8561
8769
8612
8654
8835
8742
8709
8786
8863
8784
8875
8758
8539
8736
8780
8761
8902
8587
8693
8726
8790
8782
8683
8643
8568
8790
8596
8641
8451
8751
8561
8755
8769
8717
8639
8717
8706
8762
8724
8766
8790
8927
8833
8716
8964
8582
8622
8533
8875
8734
8644
8656
8824
8424
8709
8610
8741
8645
8753
8542
8729
8787
8831
8795
8876
8800
8601
8666
8803
8578
8626
8839
8687
8677
8587
8730
8847
8657
8740
8728
8812
8729
8767
8530
8654
8600
8800
8724
8814
8638
8650
8678
8700
8759
8622
8759
8876
8829
8808
8621
8687
9008
8852
8738
8588
8856
8856
8599
8662
8716
8768
8813
8786
8562
8829
8615
8738
8655
8758
8873
8533
8538
8707
8735
8646
8673
8993
8718
8747
8627
8748
8751
8672
8857
8686
8776
8559
8494
8670
8746
8767
8775
8560
8654
8728
8868
8668
8746
8825
8645
8658
8802
8692
8917
8619
8607
8687
8624
8776
8628
8746
8760
8745
8727
8819
8894
8765
8531
8803
8727
8682
8661
8603
8681
8902
8831
8714
8725
8554
8620
8534
8689
8740
8671
8837
8778
8676
8775
8736
8765
8687
8688
8732
8739
8527
8617
8721
8749
8595
8847
8842
8804
8726
8687
8716
8589
8875
8710
8789
8821
8693
8662
8617
8487
8559
8630
8568
8551
8700
8599
8635
8469
8840
8667
8671
8902
8888
8768
8718
8817
8733
8626
8751
8642
8702
8889
8770
8828
8818
8687
8857
8759
8770
8710
8758
8593
8560
8692
8654
8832
8588
8664
8635
8684
8749
8789
8641
8768
8735
8695
8652
8755
8725
8767
8523
8540
8715
8867
8803
8735
8669
8593
8503
8860
8695
8866
8782
8791
8428
8761
8562
8695
8864
8784
8725
8713
8724
8667
8688
8782
8624
8850
8683
8529
8943
8638
8666
8740
8835
8770
8761
8760
8761
8858
8929
8740
8767
8765
8633
8732
8647
8708
8688
8628
8772
8781
8606
8628
8737
8634
8692
8818
8717
8794
8634
8687
8880
8748
8624
8783
8948
8696
8833
8580
8681
8755
8635
8797
8774
8700
8748
8695
8709
8700
8795
8413
8551
8756
8569
8806
8692
8820
8581
8681
8675
8698
8710
8760
8676
8901
8596
8798
8762
8652
8474
8544
8791
8812
8606
8770
8660
8563
8702
8901
8602
8752
8524
8739
8529
8852
8562
8643
8823
8501
8535
8707
8713
8808
8861
8853
8733
8620
8771
8709
8747
8887
8840
8669
8649
8628
8716
8762
8741
8826
8688
8600
8568
8535
8672
8815
8725
8764
8745
8818
8704
8681
8716
8675
8686
8861
8807
8762
8692
8808
8800
8835
8709
8692
8732
8644
8662
8705
8761
8616
8765
8487
8602
8675
8576
8681
8663
8737
8692
8612
8542
8842
8854
8802
8808
8708
8745
8738
8768
8694
8711
8595
8952
8614
8696
8701
8739
8714
8675
8751
8825
8581
8716
8713
8730
8874
8704
8685
8727
8691
8608
8795
8845
8608
8655
8731
8786
8819
8752
8713
8748
8881
8777
8691
8909
8742
8591
8618
8621
8667
8763
8750
8830
8856
8813
8751
8743
8820
8771
8614
8700
8626
8646
8888
8692
8615
8804
8577
8700
8849
8565
8812
8809
8833
8825
8761
8744
8849
8598
8754
8853
8756
8838
8644
8656
8747
8653
8890
8879
8696
8617
8652
8692
8753
8729
8810
8541
8720
8838
8777
8682
8899
8761
8751
8732
8823
8774
8687
8650
8690
8795
8751
8765
8597
8592
8840
8774
8589
8840
8766
8778
8719
8809
8892
8829
8847
8747
8735
8772
8654
8664
8692
8705
8661
8684
8684
8656
8738
8697
8882
8841
8724
8560
8729
8659
8719
8743
8556
8720
8878
8849
8855
8834
8738
8653
8629
8710
8780
8850
8809
8719
8698
8513
8827
8765
8726
8683
8646
8754
8946
8702
8763
8716
8657
8739
8836
8913
8716
8859
8741
8664
8902
8744
8545
8602
8646
8716
8685
8877
8734
8795
8931
8559
8706
8604
8722
8951
8813
8910
8731
8515
8755
8739
8732
8711
8737
8815
8738
8743
8688
8526
8809
8812
8881
8833
8747
8797
8827
8958
8723
8849
8736
8856
8806
8732
8563
8662
8741
8793
8855
8919
8805
8938
8774
8658
8673
8633
8829
8726
8841
8744
8689
8819
8834
8871
8755
8746
8856
8688
8748
8901
8648
8683
8858
8946
8767
8712
8824
8591
8906
8461
8835
8839
8689
8569
8674
8783
8663
8777
8879
8697
8718
8701
8825
8946
8833
8786
8797
8842
8667
8826
8658
8645
8750
8858
8584
8636
8670
8756
8704
8824
8658
8653
8696
8664
8593
8724
8781
8942
8846
8879
8605
8953
8843
8649
8839
8635
8600
8884
8762
8837
8600
8761
8736
8677
8811
8751
8669
8611
8675
8796
8727
8681
8632
8555
8796
8917
8679
8814
8856
8694
8736
8761
8764
8639
8829
8709
8605
8876
8570
8790
8890
8722
8971
8883
8716
8806
8654
8769
8875
8602
8676
8984
8774
8613
8623
8805
8631
8906
8664
8647
8817
8708
8736
8832
8645
8718
8644
8600
8705
8544
8768
8774
8782
8772
8757
8605
8708
8661
8788
8936
8913
8687
8870
8706
8635
8601
8793
8820
8646
8743
8939
8770
8708
8798
8591
8697
8713
8498
8687
8772
8869
8700
8751
8800
8713
8693
8905
8793
8749
9047
8695
8733
8844
8716
8942
8680
8948
8798
8675
8993
8752
8644
8652
8802
8780
8821
8922
8663
8852
8732
8708
8887
8649
8715
8657
8681
8778
8863
8942
8715
8833
8631
8943
8765
8815
8798
8844
8590
8640
8604
8641
8718
8691
8813
8647
8914
8688
8517
8837
8801
8654
8650
8643
8866
8922
8701
8949
8680
8646
8813
8713
8673
8953
8884
8769
8808
8732
8848
8739
8729
8810
8859
8755
8759
8812
8726
8841
8772
8814
8818
8773
8784
8671
8752
8937
8776
8625
8733
8612
8575
8646
8715
8872
8883
8786
8821
8893
8865
8730
8720
8683
8742
8868
8846
8603
8737
8839
8756
8918
8716
