#daq_ch	domain	det_def	clover	Time_Offset	theta	phi	threshold	cs_dom	enable	nb_par_cal	cal_pars1	cal_pars2
2	101	2	CL29B	0	90	0	25	0	1	2	1.8921 1.300475
3	102	2	CL29B	0	90	0	10	0	1	2	-3.7900 1.304381
4	103	2	CL29B	0	90	0	10	0	1	2	1.9184 1.301922
5	104	2	CL29B	0	90	0	22	0	1	2	-0.2848 1.255725
6	105	2	CL29B	0	90	0	15	0	1	2	0.6360 1.291739
7	106	2	CL29B	0	90	0	15	0	1	2	1.5206 1.350668
8	107	2	CL29B	0	90	0	15	0	1	2	-1.3970 1.295012
9	108	2	CL29B	0	90	0	18	0	1	2	-5.2964 1.306190
0	109	1	CL29B	0	90	0	10	0	1	2	4.2162 1.299053
1	110	10	CL29B	0	90	0	10	0	1	2	-9.4648 3.742906
102	111	2	CL29G	34.9093	90	0	12	0	1	2	0.5525 1.249309
103	112	2	CL29G	34.9093	90	0	14	0	1	2	-0.7254 1.266172
104	113	2	CL29G	34.9093	90	0	17	0	1	2	1.0404 1.261263
105	114	2	CL29G	34.9093	90	0	16	0	1	2	0.8213 1.270549
106	115	2	CL29G	34.9093	90	0	20	0	1	2	-0.8744 1.298874
107	116	2	CL29G	34.9093	90	0	15	0	1	2	0.3262 1.260883
108	117	2	CL29G	34.9093	90	0	14	0	1	2	0.4864 1.245502
109	118	2	CL29G	34.9093	90	0	12	0	1	2	0.2272 1.286336
100	119	1	CL29G	34.9093	90	0	20	0	1	2	-2.9159 1.264630
101	120	10	CL29G	34.9093	90	0	20	0	1	2	0.9193 3.751977
202	121	2	CL29R	54.008	90	0	16	0	1	2	0.2178 1.267870
203	122	2	CL29R	54.008	90	0	19	0	1	2	0.4792 1.263360
204	123	2	CL29R	54.008	90	0	14	0	1	2	0.5537 1.319254
205	124	2	CL29R	54.008	90	0	15	0	1	2	1.7278 1.286256
206	125	2	CL29R	54.008	90	0	15	0	1	2	-1.9638 1.277897
207	126	2	CL29R	54.008	90	0	15	0	1	2	-2.7602 1.338688
208	127	2	CL29R	54.008	90	0	15	0	1	2	1.2788 1.302948
209	128	2	CL29R	54.008	90	0	15	0	1	2	-9.1678 1.294113
200	129	1	CL29R	54.008	90	0	11	0	1	2	0.6380 1.271253
201	130	10	CL29R	54.008	90	0	10	0	1	2	2.0673 3.791720
302	131	2	CL29W	72.7227	90	0	15	0	1	2	-0.9276 1.305369
303	132	2	CL29W	72.7227	90	0	15	0	1	2	0.9760 1.290946
304	133	2	CL29W	72.7227	90	0	15	0	1	2	2.5818 1.278461
305	134	2	CL29W	72.7227	90	0	15	0	1	2	-4.2852 1.302153
306	135	2	CL29W	72.7227	90	0	15	0	1	2	-0.5222 1.279202
307	136	2	CL29W	72.7227	90	0	15	0	1	2	8.9311 1.294775
308	137	2	CL29W	72.7227	90	0	15	0	1	2	-1.5737 1.270998
309	138	2	CL29W	72.7227	90	0	15	0	1	2	2.9421 1.247397
300	139	1	CL29W	72.7227	90	0	15	0	1	2	1.8050 1.235279
301	140	10	CL29W	72.7227	90	0	10	0	1	2	-24.6775 3.696925
402	201	2	CL30B	91.4133	90	0	25	0	1	2	 -2.6281 1.324614
403	202	2	CL30B	91.4133	90	0	10	0	1	2	 4.9401 1.376092
404	203	2	CL30B	91.4133	90	0	10	0	1	2	 3.4527 1.347409
405	204	2	CL30B	91.4133	90	0	22	0	1	2	 -2.1884 1.361616
406	205	2	CL30B	91.4133	90	0	15	0	1	2	 0.9818 1.372561
407	206	2	CL30B	91.4133	90	0	15	0	1	2	 -2.9483 1.358098
408	207	2	CL30B	91.4133	90	0	15	0	1	2	 -17.0689 1.367871
409	208	2	CL30B	91.4133	90	0	18	0	1	2	 -11.7987 1.263150
400	209	1	CL30B	91.4133	90	0	10	0	1	2	 -2.5828 1.316002
401	210	10	CL30B	91.4133	90	0	10	0	1	2	 2.147000 3.833333 
502	211	2	CL30G	110.203	90	0	12	0	1	2	 0.3276 1.360003
503	212	2	CL30G	110.203	90	0	14	0	1	2	 0.8991 1.367854
504	213	2	CL30G	110.203	90	0	17	0	1	2	 3.4800 1.326895
505	214	2	CL30G	110.203	90	0	16	0	1	2	 -5.8764 1.371908
506	215	2	CL30G	110.203	90	0	20	0	1	2	 0.000600 2.900391 
507	216	2	CL30G	110.203	90	0	15	0	1	2	 1.9644 1.342213
508	217	2	CL30G	110.203	90	0	14	0	1	2	 -0.0377 1.353850
509	218	2	CL30G	110.203	90	0	12	0	1	2	 -0.0724 1.279210
500	219	1	CL30G	110.203	90	0	20	0	1	2	 -2.9989 1.317819
501	220	10	CL30G	110.203	90	0	20	0	1	2	 -0.0000 1.000000
602	221	2	CL30R	129.128	90	0	16	0	1	2	 -0.0778 1.280897
603	222	2	CL30R	129.128	90	0	19	0	1	2	 3.4415 1.330340
604	223	2	CL30R	129.128	90	0	14	0	1	2	 1.4708 1.295831
605	224	2	CL30R	129.128	90	0	15	0	1	2	 -0.5607 1.293293
606	225	2	CL30R	129.128	90	0	15	0	1	2	 0.6410 1.262760
607	226	2	CL30R	129.128	90	0	15	0	1	2	 -2.8169 1.301603
608	227	2	CL30R	129.128	90	0	15	0	1	2	 -1.9497 1.331743
609	228	2	CL30R	129.128	90	0	15	0	1	2	 -2.1747 1.281223
600	229	1	CL30R	129.128	90	0	11	0	1	2	 0.1786 1.289543
601	230	10	CL30R	129.128	90	0	10	0	1	2	 2.6275 3.755685
702	231	2	CL30W	147.84	90	0	15	0	1	2	 2.8788 1.353688
703	232	2	CL30W	147.84	90	0	15	0	1	2	 0.3152 1.341822
704	233	2	CL30W	147.84	90	0	15	0	1	2	 2.2977 1.347959
705	234	2	CL30W	147.84	90	0	15	0	1	2	 2.3076 1.357805
706	235	2	CL30W	147.84	90	0	15	0	1	2	 1.6978 1.362701
707	236	2	CL30W	147.84	90	0	15	0	1	2	 -1.1511 1.338064
708	237	2	CL30W	147.84	90	0	15	0	1	2	 4.7783 1.328309
709	238	2	CL30W	147.84	90	0	15	0	1	2	 -2.4372 1.280371
700	239	1	CL30W	147.84	90	0	15	0	1	2	 0.3359 1.335436
701	240	10	CL30W	147.84	90	0	10	0	1	2	 0.6718 3.842914
802	301	2	CL32B	0	90	0	25	0	1	2	 -0.4718 1.313819
803	302	2	CL32B	0	90	0	20	0	1	2	 -1.8133 1.270332
804	303	2	CL32B	0	90	0	10	0	1	2	 -1.7883 1.287210
805	304	2	CL32B	0	90	0	22	0	1	2	 -0.3439 1.273138
806	305	2	CL32B	0	90	0	15	0	1	2	 -2.9300 1.287979
807	306	2	CL32B	0	90	0	15	0	1	2	 -4.8780 1.342367
808	307	2	CL32B	0	90	0	15	0	1	2	 0.6336 1.274031
809	308	2	CL32B	0	90	0	18	0	1	2	 -1.6884 1.307866
800	309	1	CL32B	0	90	0	10	0	1	2	 -4.9449 1.354747
801	310	10	CL32B	0	90	0	10	0	1	2	 -7.4424 3.996033
902	311	2	CL32G	0	90	0	12	0	1	2	 -2.1657 1.279365
903	312	2	CL32G	0	90	0	14	0	1	2	 -2.7381 1.296721
904	313	2	CL32G	0	90	0	17	0	1	2	 -1.8954 1.266529
905	314	2	CL32G	0	90	0	16	0	1	2	 -3.3236 1.332109
906	315	2	CL32G	0	90	0	20	0	1	2	 -1.4789 1.345255
907	316	2	CL32G	0	90	0	15	0	1	2	 2.7051 1.351481
908	317	2	CL32G	0	90	0	14	0	1	2	 -6.2544 1.355289
909	318	2	CL32G	0	90	0	12	0	1	2	 0.9242 1.301333
900	319	1	CL32G	0	90	0	20	0	1	2	 -3.5474 1.328770
901	320	10	CL32G	0	90	0	20	0	1	2	 4.0517 3.893098
1002	321	2	CL32R	0	90	0	16	0	1	2	 1.0610 1.278764
1003	322	2	CL32R	0	90	0	19	0	1	2	 2.4103 1.235659
1004	323	2	CL32R	0	90	0	14	0	1	2	 0.6662 1.273045
1005	324	2	CL32R	0	90	0	15	0	1	2	 0.3320 1.250702
1006	325	2	CL32R	0	90	0	15	0	1	2	 3.6120 1.276177
1007	326	2	CL32R	0	90	0	15	0	1	2	 -1.7203 1.320689
1008	327	2	CL32R	0	90	0	15	0	1	2	 -1.6443 1.281894
1009	328	2	CL32R	0	90	0	15	0	1	2	 -2.1553 1.279573
1000	329	1	CL32R	0	90	0	11	0	1	2	 0.8045 1.236662
1001	330	10	CL32R	0	90	0	10	0	1	2	 2.840300 3.896922 
1102	331	2	CL32W	0	90	0	15	0	1	2	 -3.7738 1.286735
1103	332	2	CL32W	0	90	0	15	0	1	2	 -4.0355 1.266716
1104	333	2	CL32W	0	90	0	15	0	1	2	 -3.1379 1.232282
1105	334	2	CL32W	0	90	0	15	0	1	2	 -3.8816 1.353986
1106	335	2	CL32W	0	90	0	15	0	1	2	 -1.2305 1.310120
1107	336	2	CL32W	0	90	0	15	0	1	2	 -1.0925 1.342478
1108	337	2	CL32W	0	90	0	15	0	1	2	 -1.0696 1.284151
1109	338	2	CL32W	0	90	0	15	0	1	2	 -2.4350 1.285633
1100	339	1	CL32W	0	90	0	15	0	1	2	 -3.0151 1.332554
1101	340	10	CL32W	0	90	0	10	0	1	2	 -13.894000 3.732016 
1202	401	2	CL35B	0	90	0	25	0	1	2	 2.0339 1.321437
1203	402	2	CL35B	0	90	0	10	0	1	2	 -0.4385 1.322216
1204	403	2	CL35B	0	90	0	10	0	1	2	 -1.2496 1.363913
1205	404	2	CL35B	0	90	0	22	0	1	2	 0.8333 1.374857
1206	405	2	CL35B	0	90	0	15	0	1	2	 -1.2179 1.344567
1207	406	2	CL35B	0	90	0	15	0	1	2	 -0.0619 1.370221
1208	407	2	CL35B	0	90	0	15	0	1	2	 -2.6181 1.375327
1209	408	2	CL35B	0	90	0	18	0	1	2	 3.1239 1.314440
1200	409	1	CL35B	0	90	0	10	0	1	2	 0.1607 1.329624
1201	410	10	CL35B	0	90	0	10	0	1	2	 52.2867 3.710982
1302	411	2	CL35G	0	90	0	12	0	1	2	 1.7219 1.337953
1303	412	2	CL35G	0	90	0	14	0	1	2	 -1.8679 1.380001
1304	413	2	CL35G	0	90	0	17	0	1	2	 3.0933 1.250777
1305	414	2	CL35G	0	90	0	16	0	1	2	 -0.8224 1.366417
1306	415	2	CL35G	0	90	0	20	0	1	2	 2.4971 1.357787
1307	416	2	CL35G	0	90	0	15	0	1	2	 1.6585 1.353115
1308	417	2	CL35G	0	90	0	14	0	1	2	 0.8052 1.312286
1309	418	2	CL35G	0	90	0	12	0	1	2	 0.8386 1.402959
1300	419	1	CL35G	0	90	0	20	0	1	2	 -4.2637 1.340611
1301	420	10	CL35G	0	90	0	20	0	1	2	 -11.7912 3.950575
1402	421	2	CL35R	0	90	0	16	0	1	2	 -0.3234 1.337760
1403	422	2	CL35R	0	90	0	19	0	1	2	 0.8039 1.333349
1404	423	2	CL35R	0	90	0	14	0	1	2	 0.0381 1.311353
1405	424	2	CL35R	0	90	0	15	0	1	2	 -0.1271 1.345644
1406	425	2	CL35R	0	90	0	15	0	1	2	 1.7797 1.320795
1407	426	2	CL35R	0	90	0	15	0	1	2	 -2.7213 1.388393
1408	427	2	CL35R	0	90	0	15	0	1	2	 0.7553 1.341760
1409	428	2	CL35R	0	90	0	15	0	1	2	 -1.0341 1.341761
1400	429	1	CL35R	0	90	0	11	0	1	2	 0.9350 1.324684
1401	430	10	CL35R	0	90	0	10	0	1	2	 -6.4050 3.923374
1502	431	2	CL35W	0	90	0	15	0	1	2	 1.1949 1.336650
1503	432	2	CL35W	0	90	0	15	0	1	2	 0.5821 1.347499
1504	433	2	CL35W	0	90	0	15	0	1	2	 3.2022 1.360985
1505	434	2	CL35W	0	90	0	15	0	1	2	 1.3737 1.338952
1506	435	2	CL35W	0	90	0	15	0	1	2	 0.6699 1.369515
1507	436	2	CL35W	0	90	0	15	0	1	2	 1.0427 1.364815
1508	437	2	CL35W	0	90	0	15	0	1	2	 1.6815 1.310562
1509	438	2	CL35W	0	90	0	15	0	1	2	 0.6430 1.316341
1500	439	1	CL35W	0	90	0	15	0	1	2	 -0.0549 1.380073
1501	440	10	CL35W	0	90	0	10	0	1	2	 -9.328300 4.040461 
1602	501	2	CL34B	0	0	0	25	0	1	2	 3.9418 1.331295
1603	502	2	CL34B	0	0	0	10	0	1	2	 0.8445 1.318500
1604	503	2	CL34B	0	0	0	10	0	1	2	 -0.4998 1.347369
1605	504	2	CL34B	0	0	0	22	0	1	2	 -2.2741 1.328276
1606	505	2	CL34B	0	0	0	15	0	1	2	 0.5956 1.292893
1607	506	2	CL34B	0	0	0	15	0	1	2	 -0.3414 1.327117
1608	507	2	CL34B	0	0	0	15	0	1	2	 2.3936 1.313867
1609	508	2	CL34B	0	0	0	18	0	1	2	 1.1706 1.301269
1600	509	1	CL34B	0	0	0	10	0	1	2	 1.4005 1.336321
1601	510	10	CL34B	0	0	0	10	0	1	2	 -4.6535 3.883963
1702	511	2	CL34G	0	0	0	12	0	1	2	 -1.9842 1.342669
1703	512	2	CL34G	0	0	0	14	0	1	2	 1.1094 1.342112
1704	513	2	CL34G	0	0	0	17	0	1	2	 0.1836 1.295624
1705	514	2	CL34G	0	0	0	16	0	1	2	 -0.3919 1.278950
1706	515	2	CL34G	0	0	0	20	0	1	2	 1.1408 1.376345
1707	516	2	CL34G	0	0	0	15	0	1	2	 2.3551 1.384757
1708	517	2	CL34G	0	0	0	14	0	1	2	 -3.9034 1.346242
1709	518	2	CL34G	0	0	0	12	0	1	2	 -1.5831 1.285440
1700	519	1	CL34G	0	0	0	20	0	1	2	 0.8755 1.245902
1701	520	10	CL34G	0	0	0	20	0	1	2	 6.8569 3.735496
1802	521	2	CL34R	0	0	0	16	0	1	2	 -1.6702 1.326289
1803	522	2	CL34R	0	0	0	19	0	1	2	 -1.3491 1.363776
1804	523	2	CL34R	0	0	0	14	0	1	2	 1.3424 1.365308
1805	524	2	CL34R	0	0	0	15	0	1	2	 3.0169 1.370702
1806	525	2	CL34R	0	0	0	15	0	1	2	 6.6778 1.334800
1807	526	2	CL34R	0	0	0	15	0	1	2	 3.4723 1.304853
1808	527	2	CL34R	0	0	0	15	0	1	2	 -1.8159 1.360818
1809	528	2	CL34R	0	0	0	15	0	1	2	 0.3781 1.290511
1800	529	1	CL34R	0	0	0	11	0	1	2	 1.2890 1.332924
1801	530	10	CL34R	0	0	0	10	0	1	2	 4.1718 3.884005
1902	531	2	CL34W	0	0	0	15	0	1	2	 6.5714 1.307383
1903	532	2	CL34W	0	0	0	15	0	1	2	 0.5452 1.283325
1904	533	2	CL34W	0	0	0	15	0	1	2	 0.5882 1.247390
1905	534	2	CL34W	0	0	0	15	0	1	2	 1.3780 1.312162
1906	535	2	CL34W	0	0	0	15	0	1	2	 0.7485 1.342605
1907	536	2	CL34W	0	0	0	15	0	1	2	 1.2352 1.289950
1908	537	2	CL34W	0	0	0	15	0	1	2	 0.4084 1.348072
1909	538	2	CL34W	0	0	0	15	0	1	2	 0.1624 1.299049
1900	539	1	CL34W	0	0	0	15	0	1	2	 2.1101 1.300643
1901	540	10	CL34W	0	0	0	10	0	1	2	 10.4869 3.748362
2002	601	2	CL36B	0	0	0	25	0	1	2	 -6.1522 1.304290
2003	602	2	CL36B	0	0	0	10	0	1	2	 3.748700 2.215537 
2004	603	2	CL36B	0	0	0	10	0	1	2	 1.2531 1.323503
2005	604	2	CL36B	0	0	0	22	0	1	2	 -0.5935 1.321626
2006	605	2	CL36B	0	0	0	15	0	1	2	 -3.6822 1.329271
2007	606	2	CL36B	0	0	0	15	0	1	2	 0.6318 1.425868
2008	607	2	CL36B	0	0	0	15	0	1	2	 0.9629 1.357255
2009	608	2	CL36B	0	0	0	18	0	1	2	 2.1595 1.321126
2000	609	1	CL36B	0	0	0	10	0	1	2	 -1.5950 1.328074
2001	610	10	CL36B	0	0	0	10	0	1	2	 1.9519 3.818793
2102	611	2	CL36G	0	0	0	12	0	1	2	 1.7226 1.293694
2103	612	2	CL36G	0	0	0	14	0	1	2	 8.0431 1.375890
2104	613	2	CL36G	0	0	0	17	0	1	2	 -1.1679 1.333626
2105	614	2	CL36G	0	0	0	16	0	1	2	 -0.2302 1.365018
2106	615	2	CL36G	0	0	0	20	0	1	2	 -3.2642 1.444926
2107	616	2	CL36G	0	0	0	15	0	1	2	 -0.4179 1.408172
2108	617	2	CL36G	0	0	0	14	0	1	2	 -0.2242 1.318584
2109	618	2	CL36G	0	0	0	12	0	1	2	 2.5849 1.328383
2100	619	1	CL36G	0	0	0	20	0	1	2	 2.4860 1.324841
2101	620	10	CL36G	0	0	0	20	0	1	2	 -0.4120 3.980816
2202	621	2	CL36R	0	0	0	16	0	1	2	 -3.0807 1.376762
2203	622	2	CL36R	0	0	0	19	0	1	2	 -4.5335 1.333835
2204	623	2	CL36R	0	0	0	14	0	1	2	 -2.8561 1.376404
2205	624	2	CL36R	0	0	0	15	0	1	2	 -0.0222 1.403467
2206	625	2	CL36R	0	0	0	15	0	1	2	 1.1835 1.362140
2207	626	2	CL36R	0	0	0	15	0	1	2	 -1.0004 1.398548
2208	627	2	CL36R	0	0	0	15	0	1	2	 2.9167 1.424309
2209	628	2	CL36R	0	0	0	15	0	1	2	 -2.7253 1.444034
2200	629	1	CL36R	0	0	0	11	0	1	2	 0.4138 1.313888
2201	630	10	CL36R	0	0	0	10	0	1	2	 -15.7031 3.883436
2302	631	2	CL36W	0	0	0	15	0	1	2	 -0.6920 1.367532
2303	632	2	CL36W	0	0	0	15	0	1	2	 -0.9327 1.340751
2304	633	2	CL36W	0	0	0	15	0	1	2	 0.3295 1.264807
2305	634	2	CL36W	0	0	0	15	0	1	2	 0.2109 1.318599
2306	635	2	CL36W	0	0	0	15	0	1	2	 7.2038 1.339841
2307	636	2	CL36W	0	0	0	15	0	1	2	 -5.8735 1.302747
2308	637	2	CL36W	0	0	0	15	0	1	2	 0.8926 1.336320
2309	638	2	CL36W	0	0	0	15	0	1	2	 -0.4097 1.344932
2300	639	1	CL36W	0	0	0	15	0	1	2	 -1.7484 1.330412
2301	640	10	CL36W	0	0	0	10	0	1	2	 2.2436 3.914743
2402	701	2	CL33B	0	0	0	25	0	1	2	 -1.3570 1.216674
2403	702	2	CL33B	0	0	0	10	0	1	2	 -0.8526 1.250112
2404	703	2	CL33B	0	0	0	10	0	1	2	 1.9465 1.240410
2405	704	2	CL33B	0	0	0	22	0	1	2	 1.9829 1.272214
2406	705	2	CL33B	0	0	0	15	0	1	2	 0.6500 1.266489
2407	706	2	CL33B	0	0	0	15	0	1	2	 3.8416 1.294323
2408	707	2	CL33B	0	0	0	15	0	1	2	 -0.9615 1.449097
2409	708	2	CL33B	0	0	0	18	0	1	2	 0.8760 1.260652
2400	709	1	CL33B	0	0	0	10	0	1	2	 -1.2685 1.227615
2401	710	10	CL33B	0	0	0	10	0	1	2	 3.3026 3.521760
2502	711	2	CL33G	0	0	0	12	0	1	2	 -0.1289 1.286186
2503	712	2	CL33G	0	0	0	14	0	1	2	 -1.2724 1.323475
2504	713	2	CL33G	0	0	0	17	0	1	2	 2.1760 1.334067
2505	714	2	CL33G	0	0	0	16	0	1	2	 3.0570 1.256389
2506	715	2	CL33G	0	0	0	20	0	1	2	 -0.9258 1.220022
2507	716	2	CL33G	0	0	0	15	0	1	2	 0.3599 1.313194
2508	717	2	CL33G	0	0	0	14	0	1	2	 4.6969 1.411403
2509	718	2	CL33G	0	0	0	12	0	1	2	 1.6558 1.374602
2500	719	1	CL33G	0	0	0	20	0	1	2	 0.8311 1.357407
2501	720	10	CL33G	0	0	0	20	0	1	2	 1.9956 4.075989
2602	721	2	CL33R	0	0	0	16	0	1	2	 -0.9818 1.268019
2603	722	2	CL33R	0	0	0	19	0	1	2	 0.7692 1.267382
2604	723	2	CL33R	0	0	0	14	0	1	2	 2.5939 1.293962
2605	724	2	CL33R	0	0	0	15	0	1	2	 -5.4861 1.273629
2606	725	2	CL33R	0	0	0	15	0	1	2	 -4.8328 1.247939
2607	726	2	CL33R	0	0	0	15	0	1	2	 2.4226 1.249979
2608	727	2	CL33R	0	0	0	15	0	1	2	 0.4526 1.277562
2609	728	2	CL33R	0	0	0	15	0	1	2	 1.0488 1.305448
2600	729	1	CL33R	0	0	0	11	0	1	2	 -2.6533 1.211979
2601	730	10	CL33R	0	0	0	10	0	1	2	 3.7821 3.976393
2702	731	2	CL33W	0	0	0	15	0	1	2	 1.0361 1.288545
2703	732	2	CL33W	0	0	0	15	0	1	2	 -1.7884 1.360807
2704	733	2	CL33W	0	0	0	15	0	1	2	 3.8268 1.296114
2705	734	2	CL33W	0	0	0	15	0	1	2	 0.9666 1.354554
2706	735	2	CL33W	0	0	0	15	0	1	2	 0.1207 1.276591
2707	736	2	CL33W	0	0	0	15	0	1	2	 -1.0204 1.320110
2708	737	2	CL33W	0	0	0	15	0	1	2	 -1.2756 1.252511
2709	738	2	CL33W	0	0	0	15	0	1	2	 -0.7506 1.240700
2700	739	1	CL33W	0	0	0	15	0	1	2	 0.8740 1.272174
2701	740	10	CL33W	0	0	0	10	0	1	2	 0.5830 3.680307
2800	900	5	BGOF	0	0	0	200	1	1	2	0	1
2801	901	5	BGOF	0	0	0	200	1	1	2	0	1
2802	902	5	BGOF	0	0	0	200	1	1	2	0	1
2803	903	5	BGOF	0	0	0	200	1	1	2	0	1
2804	991	3	LABR1	0	0	0	200	1	1	2	-38.268200      0.800574
2805	992	3	LABR2	0	0	0	200	1	1	2	-249.227200        0.733986
2806	993	3	LABR3	0	0	0	200	1	1	2	-320.607300        1.284475
2807	994	3	LABR4	0	0	0	200	1	1	2	0	1
2900	904	6	BGOS	0	0	0	200	1	1	2	0	1
2901	905	6	BGOS	0	0	0	200	1	1	2	0	1
2902	906	6	BGOS	0	0	0	200	1	1	2	0	1
2903	907	6	BGOS	0	0	0	200	1	1	2	0	1
2904	908	4	CSIB	0	0	0	200	1	1	2	0	1
2905	909	4	CSIB	0	0	0	200	1	1	2	0	1

